68.74781183412556
80.02716986892065
27.338704210663536
8.334781977986164
8.449580170510403
8.0733905397654
8.38622631172747
8.311230444561136
8.451299741482316
8.217326055695091
8.668138118030239
8.207886749548443
8.60520090682478
8.406328540563507
8.57469605375867
8.46289529489862
8.602729948416076
8.289957505682379
8.639000799162938
8.387500849887815
8.582380998176836
8.33310949079133
8.656652590822219
7.46898210886401
7.28921885535929
7.1728770660715355
7.155671490793328
6.45486080118192
5.9224517229498845
5.613850241254927
5.27454042892462
5.053232195695546
5.105969802215835
4.993331992033153
5.093209667411042
4.985313764364127
5.1292040159955
5.290567856012129
5.539396997003343
5.518007872524049
5.620409962707518
5.59095913856949
6.2526240781625715
6.387816207489986
6.690942039967266
6.940730064222749
8.377650033755847
8.69685948768138
8.820290665763812
8.546408893815407
9.076399393219377
8.449937647445157
8.366169932241728
6.7994754051587325
6.666217410376549
6.737859398745056
7.564746579517868
7.628059914304213
7.423073928032904
7.489454098723635
6.72441053446692
6.874600895567401
7.287812997916678
7.5103344667852046
7.476970851910019
6.983197586526103
6.783189776465299
6.599840129910183
6.3343331007590375
6.129971106164749
5.698790351617325
4.915818317772782
6.070396443127084
5.382944208299965
4.458634124043945
5.123615050658302
4.971533691137704
4.510397142116679
4.537306199453918
4.592380747997959
4.554268856118772
4.595903214707578
4.648741749746466
4.580304588927255
4.624518314257016
4.641385453841259
4.704977559309942
4.638090404139256
4.704117430665841
4.561336503054808
4.808592012400086
6.285437693408562
7.152254911490013
7.621337471403885
7.7237904599502425
7.950624023778111
8.283016110621793
8.313124826574702
8.497271102863417
8.164667499815073
8.04409547883256
9.245662414499252
9.726576395861983
9.429682687422156
9.866002394578562
9.49115784185718
9.733867411777265
9.572037253841431
9.636517779396256
9.511324776633861
9.472894443829627
9.587901009925524
9.474435110244704
9.30762419806893
64.64510958355167
