63.03906214774179
72.41797023377879
17.789434842540558
7.879290652239255
7.635155577319006
7.2235628838423676
7.775336137491496
7.8331879735476315
7.852046270173934
7.902270654819772
7.7147975794139825
7.653923218137425
7.521175757532286
7.9697801153767225
7.575636179078383
6.687794782176103
6.772860785330084
6.2804118956814445
5.890181495441549
5.678491260847785
5.532689174839565
5.017056036478076
5.262383709623793
5.524614628762004
5.807097603119047
6.018075876209375
6.61033526816883
6.431945775603622
6.8781858910655655
6.707816902985194
6.9717526520326984
6.5643902164182375
6.009031518624642
5.517485240415478
5.250118601021158
5.257317909308438
5.034973362431786
4.842172100535325
5.06816759266196
5.441282773114694
5.822034121809669
6.003982324320378
6.3974521865529015
7.194593296511029
7.778580595387343
7.688155526309036
8.208577478736354
7.957230613956206
8.172032787076889
7.902255766589484
7.385417235265012
6.9135701534754075
6.586874005719517
6.06921061123258
5.421939553763024
5.461674688001334
5.35530115959275
5.377850605573378
5.9191586767109134
6.738443940338408
7.160545759980333
7.148171502779643
6.895260139933716
6.994575177895142
6.22762286562732
5.800063057631356
6.168012482187736
5.9986241635214546
5.68886574083493
5.8464450642658115
5.949578353842335
5.973005226356788
6.0359772278538575
6.0210563790722444
6.023987924172767
6.144573053443949
6.083656543445531
6.027537266995949
6.052928256207626
6.092396096152366
6.0963366492055275
6.058147646896543
5.978573342683977
6.057823905438936
6.010417875756443
6.060353509447484
6.011684238890513
6.071424538994568
6.142197528947804
6.077397891466758
6.117097316635286
6.0877625102870505
6.132973823428777
6.00418000355014
5.95894394821749
6.013658072184474
6.008497812515221
5.995023090743549
5.999233343822411
6.075558008392759
5.860569359016994
6.572238457500568
6.5659110832811525
6.794859997796771
7.039525227332995
6.997317388925221
7.333635236664819
7.369793066852216
7.6072105470301565
7.449005361687466
7.326013672837027
7.3179610295349224
7.312615177545587
7.354183287190376
7.327831161116741
7.3588928423549556
7.272825636499517
7.306577010513113
7.368226518774089
7.348346654239272
7.38962004531408
7.319033692336686
7.321985137133251
7.3429049115466425
7.3406816503260535
7.37023337380752
7.314323979792026
7.396513627185596
7.460718446774639
7.342622109949285
7.346506108508123
7.391964244801856
7.371632344954735
7.401969833070678
7.110086470964165
7.341645326560512
7.451294732952446
7.396891908097546
7.352829599918659
7.427543315341352
7.39163857260428
7.362845777642024
7.332917237050752
7.327562320820544
7.35705991517367
7.335302563672072
7.010357662781777
7.342467863713787
7.3113914518352985
7.208132191068682
7.3096712803371195
7.347587156493665
7.313903081242262
7.375884329755861
7.345438242546514
7.265808136976714
7.003977650347502
7.295063405403243
6.782279385725905
6.970744605709481
7.107520139903274
6.312444879223418
6.270065670963508
6.006080106767018
6.035525573577998
5.748677379209772
5.509310243369342
5.332885779747691
5.717683592637074
6.203866707884729
5.84894799080747
6.11029788821034
6.843731439722746
7.101911992793623
6.976948130799147
7.105100089273161
6.28006396396936
6.089176598002651
6.007912566427456
5.327230028463179
5.131971677093415
60.350566195197054
63.707398575269224
68.23223959265344
11.41108487229435
7.442687122813181
7.414767293240393
7.414832833625615
7.393997087744906
7.378154926505252
7.360959207025574
7.178032772857571
6.719261287268451
6.415653426863946
6.410348738044512
6.031437704826095
5.660207067053883
5.439659689258942
5.306310306830272
5.086464847847625
4.907415229200866
4.832531618296846
4.979554911819353
58.58130115366351
65.92848048538958
70.22458854454435
11.191555444080967
7.520326179918921
7.521270166894105
7.489975695951171
7.341593924107354
7.570658873941602
7.584197659448278
7.562236990613697
7.440587824149468
