61.03913264934876
68.87990409406665
16.253086467593057
10.901828276159632
10.891127775815866
11.170542160813255
9.715649075991532
10.713365448963224
11.184542237652963
11.021834474240892
10.868944643403179
10.601823462354123
10.830494644535568
10.839059132421271
10.771915947135659
10.877823970455129
10.862948737539204
10.78385264678886
10.672692203952224
10.450984349576784
10.934341354049897
10.498226644139915
10.205317865067933
9.618529347688991
9.628509709306195
9.673344188342089
9.729509546708236
9.662113163387069
9.272663763181749
10.080232256327928
9.831475317612863
10.338590168945068
10.143738497219985
9.233003062035383
9.148879921474533
8.784195458267623
8.665290733108144
8.90559563797577
9.205645895839323
9.716954555563794
9.962457037939627
9.448247898288896
8.929617825580628
8.645001453095919
8.227949066526994
45.6905814941502
56.85033478814823
13.2210247600435
9.865236616803086
10.353264102646383
10.092554092554092
10.251487873373726
10.095736461164078
10.246504128597254
10.18628327180882
10.361422924901186
10.225171504215078
10.282576292460972
10.313600228190923
50.82341536709198
61.96159073450334
55.285687923443966
19.649133327087043
9.9513477475853
9.91186312505908
9.975180391653229
9.907063644845465
9.95035620832078
9.973069433117036
9.913362452020346
56.48666047163078
54.35430111707229
60.35403985898266
14.569018937657177
8.053130682047275
8.199158249487345
8.17689191454851
8.18638784739368
8.193760378206255
8.166813674235122
8.225431882318563
8.164937696735624
8.201370706764566
8.168817788580455
8.166718264746828
8.132720094933028
8.235752434809928
8.174533321379709
8.180304720594775
8.188273695759547
8.221385028519904
8.10011432809072
8.106282396688146
8.114044947080684
7.929520482164598
8.2176802507837
8.15243204369418
7.775336137491496
8.117075587448667
8.036943500205028
8.086231460756473
8.181038686447454
7.441195046659334
6.460707145079652
7.564460074845575
7.818294676526126
7.772843349826727
50.28176848566223
8.775245308282946
9.88854153405099
9.546438212118591
9.763072933760698
53.510378525955886
62.0578513619483
61.75541093671781
16.690625037306454
9.216427519831242
9.223561699264192
9.20623186433535
9.084813605872428
9.122514273285846
9.13992839382958
8.983110235377268
8.987460465754129
9.080761828058256
9.069647857629391
9.075810196455194
9.14044626726785
9.16431202723312
8.992161907212074
9.060772334891599
9.05568605775874
59.945175720676296
10.251563042298686
8.735458099290426
8.67123834253664
8.368339880808682
8.331123249577912
8.134186902076841
7.591060789239356
56.18023520587211
54.73163347861263
63.46736071179978
57.513732910993184
60.48895298528988
64.11936282752927
17.18181334054311
10.149899815117754
10.116653883075973
10.064509936603462
10.112995004147136
10.138809924387461
10.00370639794884
9.40646249349624
10.120730550856967
10.156511295091375
10.084109902580229
10.009507627102465
10.024651110542807
9.818288221014857
