69.37664786542501
57.13921395000341
13.437596914126075
8.590924266475499
9.237029125144524
8.713662464578642
9.19092018678523
9.24798638258841
9.050019635004682
9.383776237544017
8.821682013401928
9.447779684916634
9.320613418132767
9.268688511548559
9.345513854600226
8.912426983529992
9.992981118589553
9.00610240531824
8.943670050685652
9.4577925299227
9.267951210889164
9.089834166977296
2.1878196207219593
5.035426713679785
8.632457664095366
9.028707227608535
8.81148897908421
8.1025553846986
7.960447377361248
8.143726154533187
7.902508874134254
7.9619131504415375
8.026070400030617
7.741367727074736
7.500476569415509
7.184057139431517
7.276282668470859
7.055416498452429
6.992219760507991
6.948249727904792
7.000540775110992
6.843496946429125
6.724820227511404
6.695267679557129
6.766119587415994
6.5900926379828295
6.838687797560817
7.956717380582009
6.509528458110946
7.085056748981829
7.0294144757901655
7.074540415906948
6.82211414908671
7.229140597800046
7.183491156588414
7.457906069911468
7.5675582049912675
7.136738437245834
7.684197605503495
7.918920960019333
7.853310640146345
7.724103385725993
7.811582056640108
7.700887906406292
7.879971593577744
7.792236938173806
7.6263816587359745
7.692470215388227
7.253431468341603
7.412906429885598
6.913045986389176
6.842570296848796
6.4869064926227225
6.638395125232462
7.455625887668891
8.661980091693858
9.237944629209524
76.28781375045472
73.58428070175438
79.377441332324
72.6890575716613
74.45554115704827
72.84939643942684
29.348036608917127
10.67383293633828
10.307669244625975
10.452494934869778
10.493630222667
10.402281689442226
10.4960461252027
10.837042740431073
10.642038332918915
10.675626008562281
10.505431420334576
10.2039026977319
10.017827287405298
95.10246468494206
81.90880153104068
84.83967798050082
75.32332447381654
12.276898039468215
7.403302473766426
7.814696676106722
8.091660252069552
8.215507261989874
69.47317509482716
71.93236035603424
78.13677602041767
79.54303053290347
81.08852585790237
37.791629499481914
10.306732064047495
10.25294133464358
10.344990541210478
9.967310352038707
10.218246311563274
10.05309972076747
9.943397389395427
10.07473595968476
9.966907702288136
9.92426963474047
9.92448097827373
9.977244776836582
10.038374734040644
9.908140196872807
10.085710300914236
10.377188663607011
10.337519963720252
10.203455884320562
10.349942874627699
10.262398888198362
10.3793714427122
10.36505888923486
10.35786624652108
10.2991648802815
10.241375184656142
10.302782581355133
10.22547064473819
10.370107377472735
10.292947363512992
10.334743559733395
10.332604962936868
10.453927789879815
10.185170165490948
10.175335938845667
10.323017627108632
10.084012925065394
10.21983976920528
10.22514657662819
10.320782295014197
9.931483884411021
7.8775000422582035
7.467200287699596
7.524562489348152
7.35245581220868
6.228667913101975
5.747716291141704
5.462421550126523
5.451757264908384
4.7369286508072745
4.713887540234846
8.514261470785858
9.130835343393795
9.033899436768364
9.170523517167794
8.947352253528338
9.096300151810887
9.022181686771868
9.163471117713886
8.866494310338632
9.128669213106548
1.5418319341199513
1.2042665962266752
0.8343151175137381
1.0102603604397806
0.9847432211071947
0.898768193969004
3.3068457942083147
8.177752821256718
8.765488963473507
8.61632010780918
8.567077355469133
8.570228277660174
8.49499937213664
8.589376076410007
8.56896763069078
8.57427535861546
8.610535953669888
8.520920859100107
8.52028041351039
8.416584727634657
8.313454372472846
8.389698660825907
8.373518918908127
8.410913743247091
8.483916315892738
8.411774025666686
8.450584587363725
8.445871005416725
8.434067624496034
8.335262321144674
8.32257667664748
8.66738579676722
7.755969111512175
8.02169564136401
7.854957872086207
7.148524807537278
6.815518235958434
6.764711859322255
6.414407360281883
6.544805417719939
6.467810556539895
6.521704787523518
6.27017815044646
6.606399584176662
7.289269527013875
8.369809408069475
8.732929962563972
8.572505385530398
8.504697115628327
8.450516483760026
8.948230324493846
9.858813408330729
9.857261036323983
9.587331193826516
9.665029829457078
9.684198860330449
9.811421032440373
9.546720686476458
9.754762486191058
9.665185731403817
9.558948272836458
9.624466493496957
9.626476629829815
75.83128130028385
53.02533501896334
8.931177002927868
9.637425610624756
9.606610994809966
9.586651886221043
9.608437585190241
9.478824475922728
9.620206014371922
9.67015495565285
9.642854022737462
9.691426458865257
9.629194962142604
9.590202879596117
9.427563171783195
9.85404200233529
9.58698057142857
8.470500801751331
7.692780608408256
7.674664646586632
7.747745484503785
7.2531555165120976
6.741043130548824
6.8012505351096815
6.8007212068540595
7.060297709525324
7.4936690768304475
7.921119376630048
8.134250002424196
4.7031574131593645
0.9895463445235505
1.3244491571853105
9.432778892257316
9.668282540494813
9.600256354501655
9.539229911983442
9.379369565995205
9.417022155564936
9.18679335374695
8.058546070062384
7.999237133299513
7.902523763318292
7.767761865164835
7.368938503514662
7.024493507755022
7.573857818980944
3.0416407715664184
1.8647293381935488
10.247480460590127
9.750385895743058
9.737550930386433
9.86328790059354
9.965036991983883
9.849205827376647
9.864656561261569
9.711667280258773
9.489826439717724
8.4666194314413
7.353035843889919
7.248630395033821
6.6111792391862885
5.128363639920574
4.906990375087305
5.631608839669218
7.062984660928898
8.371145789882306
8.590818690333059
9.194325096890728
9.41780451276386
9.43778801843318
9.398874188806426
9.552917596683825
9.639950723518488
9.61268764467261
9.58301594083362
9.448567161287562
9.405766388819744
8.947504949143287
6.069728806691558
12.751047309827383
12.340652647869671
11.916956708271655
10.780969908520051
11.926614269953024
12.021094144082175
11.957112597960538
11.77980053867477
disconnected
