66.43179118425012
74.95718064193295
11.939617356451738
8.178948825799457
8.071106800675045
7.94318590707487
8.223480511332445
7.707652331790935
13.432905992486573
11.949107443007971
12.237817776519915
11.627943855018865
10.782826880559412
9.057974175630761
11.42438769284407
3.103843188098209
8.006536097430612
9.099753756034062
8.58686145732676
9.214544479912474
9.073081249459202
8.999126757481028
9.27756579980579
8.729131416560007
9.289627555902053
9.30985543468369
9.290306575616153
9.290841630763438
8.920274181782608
9.218372110401456
8.950789165933982
62.71106260185697
67.24981962192756
81.89760612332566
82.55041429667972
15.791985602247014
8.96337548991533
8.87918285260651
8.702453274906217
7.864059503028962
7.914408311602052
7.905830551539678
7.985119891864107
8.13661697236583
7.763146789466281
7.565715398920963
7.6816644231385585
7.323161267230618
7.074075073535364
7.029273107856495
7.152254911490013
7.016714093807036
6.863834599139547
6.801426996173055
6.763206565994533
6.784177223379615
6.5538048064002
6.850158339226481
7.064293209237149
6.490891899044079
6.9975508678736595
6.805962980451718
6.878998107346579
6.761189651003466
7.110954382312402
7.093300411801017
7.272472548145862
7.065995047086373
7.007417901869846
7.43755319752596
7.3821935529291665
7.634391222360556
7.629752787732159
7.6856338172696175
7.62097742762504
7.651409953773801
7.700378932526511
7.57937345496075
8.572803250643322
7.2625370978968915
7.432729283256129
6.915633408959004
6.874544557554977
6.842280072691917
6.757758210951157
7.482786734626521
8.754274026068899
9.389132765787888
9.221513546551638
9.086525879773655
8.867375328749862
8.977630325667013
8.882962636655131
1.7621015970776608
8.852851534467474
7.661892792424154
6.934865925722619
2.152495898288854
1.4240919610165257
1.7324453920664378
10.623843404651964
10.263026663828267
10.409406999657513
10.446169019416411
10.364213684020648
10.385616691056487
10.49615118967778
10.349636407154895
10.442137968636024
10.434474557549644
10.148917430482292
9.91169916368715
10.02486675111738
9.858141426106904
9.986723430193244
10.065645136130744
9.907952953626864
11.078750099051744
1.1130913300344625
3.6152650700546904
7.5778260767447705
8.203247421269005
8.480845677589462
8.240347664814655
8.837816539046663
8.996424427146898
9.14194046181544
8.92849631518671
9.915917037639455
9.877224216049209
3.6352529845222596
4.530973451327434
10.345551907769948
10.258608755628496
10.376983272842429
10.153831256233719
10.21073388286503
10.093477015781646
9.912167639141954
10.164880145991416
9.995791299954481
9.933718432414638
9.919270463811714
10.0565948162179
10.015028617410177
10.078633595893868
10.096003774293402
10.375263444318014
10.36913317461848
10.234078426301188
10.375828101267075
10.313422706573162
10.390170432025366
10.40256548255328
10.349942874627699
10.3285338928166
10.25010997174948
10.30440251572327
10.300986062503837
10.353903044725422
10.31557873974112
10.351526579085705
10.365161347719287
10.448537086628885
10.237625550714556
10.217225763861315
10.302681352368413
10.19710543781894
10.226093910380659
10.296434314050398
10.35947796362343
10.081661791252136
7.914094709413014
7.5928334929390315
7.571178176947668
7.4064792283975684
6.2661782369919745
5.758147861375156
5.552589564429994
5.463374985183265
4.774023183179902
4.718761285561119
8.602747593087125
9.319826415815449
9.080663528861601
9.228330726089817
9.00517427205936
68.69939233125318
70.33882274023142
68.19895611453472
69.86198510918267
16.60860543759751
8.74937993212108
8.63155165282028
8.555055153057895
8.573977391197694
8.357001819120088
8.498700161897217
8.511272458674416
8.562372793470693
8.612516196065306
8.534392492557874
8.551758447664545
8.387198950576304
8.280268960915382
8.35129441654687
8.359167013777476
8.408097971097003
8.455081853532473
8.38835634930952
8.451231626351262
8.409294865368807
8.405250395783652
8.353323561277165
8.197331467536504
8.138290461970705
7.5957760839132975
7.527641527889201
7.5344297044109325
7.055962478593082
6.71568946110258
6.680295988608962
6.338458841539436
6.465039066413674
6.397588799387438
6.435508420484116
6.181912510317179
6.489295140962525
7.195593061576705
8.011735941320293
8.324790158643836
8.422398663437711
8.434322025377547
8.316685305478224
8.498631280558104
9.606126954753245
9.373772770649747
9.289298369950389
9.478053366114686
9.375155626585602
9.189671680378602
9.228005869941631
9.57662686969288
9.476618579062123
9.430297525232199
9.513395813864872
9.611013597429917
8.779874319159001
6.8627676841719465
8.886764469078674
9.65635180277974
9.625659220364344
9.609472227568068
9.77012292132057
9.49564870910194
9.640039347999963
9.526078987592467
9.478588845725339
9.549829008064627
9.507142306663583
9.615001432746862
9.407411893210961
9.485534138889454
9.369626649450797
8.263107916957253
7.4116882015324155
7.551277088738178
7.628517748568165
7.15287697397592
6.579899033951325
6.622160050775687
6.735998201294426
65.01184202368405
69.97971169247197
74.24992476411337
81.01178197550894
18.90577995339256
9.640305231221845
9.48557704267748
9.468959460710279
9.38862836127259
9.164292003784311
9.003724446753292
7.939276696107122
7.863735134699357
7.85935877977027
61.39113888848231
64.74989579634747
75.93012183421133
78.75887710074171
22.754567944099648
9.77278637035104
9.726283178042548
9.73926935231819
9.771078864176939
9.74909407867976
9.7280878757938
9.518166943900441
10.9477838478384
8.50166311611814
7.410090702547233
7.313852066527864
6.868870419651996
5.171385594160728
5.011828443948422
5.681922122397668
7.0904824694864255
8.461819663730598
8.738260766302842
9.422840081685655
9.915026298682111
9.640593287930365
9.408931331444505
9.626587101216433
9.68692752190602
9.654395838368494
9.631229190107694
9.530516346582079
9.457877836706714
