73.1250043585899
76.57612327241524
52.38623618310123
68.65778359797021
72.8696467971994
1.9636447736611642
8.65259878905404
8.661300381201755
8.902495659445853
8.748066033308653
8.84322026751227
8.765782070948784
8.639214329263268
8.75432884169046
17.329543200899053
8.314888201208088
8.488827092655896
8.21692359833636
8.310324740940342
3.482839911415729
1.2993124427874645
1.109960712249913
84.45871005416726
79.85347929557354
88.00469995803608
92.30219405382805
89.75997260743023
91.01629668207364
92.29000814135146
70.63258226398573
82.91104609788883
79.5852908808015
11.449617418317514
11.6964932584113
12.247251576055058
12.163643376456907
11.315008700109257
30.50336356297681
81.11675401783124
11.336600185415929
11.465673812374595
11.895933723406971
83.0292184654367
21.007547944725204
11.86239040669721
85.85912263822644
84.21789852016947
83.50030857438634
14.21484757595784
11.127275235515562
83.47870392484674
72.51562932226832
12.195722211237628
11.470094866178252
78.51855179901905
12.2640826435165
11.530257171525573
82.88483123863726
82.96024368052534
78.46860734864926
12.739660786314818
11.302629274221148
11.319222662712152
12.409991182858056
11.46720982051317
11.414873639921403
11.400012502684
11.452681245887137
11.372656627061382
11.144719396092457
10.892768287045453
11.142291681609644
9.86902025190766
8.202236775976267
8.57420524677162
8.304828886196054
8.124858832576889
7.344885132851531
7.244548846206992
8.552264126321283
10.431360455225997
9.571491164013436
9.925960635082912
9.870808622799586
10.088597151633085
10.032492010945482
9.89432662593475
9.85135722321783
7.939396922145034
8.502162887525795
8.48578723542003
7.2014367490462305
6.96679633646822
6.930717675519188
6.800963805409893
8.789717990791793
10.158159360620004
9.914440373478312
10.391637741159448
10.135796293476973
10.028198378485646
3.184847481616698
6.230564691272197
8.377181524400717
8.575011602208816
6.847060744078227
6.978561695231662
6.979293268814771
7.29421339853709
7.300447150438535
7.2377231642122775
6.979722994639948
8.993125924655331
10.052160075158056
9.888168534610797
9.78397960302409
9.804128000747996
10.660864702742547
10.082970534570254
9.997292298304826
9.302174563922865
9.29117092610355
9.103150711986682
8.120438634533176
7.416524176222515
5.787665741682386
6.751829494051931
6.7118958691387185
6.144159004114853
6.023910058654901
5.733291414355428
5.650606581118858
6.5531699482221475
10.331230618030805
10.015243844199507
10.252916271474808
9.700818288209526
9.822012921778512
9.839616953693342
10.084012925065394
10.512593394639818
10.779695342758671
10.781551875710107
10.955876667815984
10.807889135689217
75.5975631736419
78.50532502292849
78.44365894256485
2.7081935966259154
1.5738092691923087
6.2232522667822
10.345883653011287
10.421563170867456
10.685008699728181
10.669705726728804
10.669515734741587
10.805299726151619
10.762766708151037
10.797399956236887
10.83550294635084
10.58739903069467
10.65144319895982
10.830718380416258
10.547091336119536
10.744624874796024
10.784462654369396
10.813629238511673
10.580882130351863
10.655854070601984
10.461228419356608
10.50345832728147
3.0310570496959044
4.690697011211452
1.502686295949705
1.4241968930038427
1.3863396279299753
1.3917341495989184
1.386624244461922
1.3960997915987778
1.3805385816767688
1.3844451662138004
1.3876748073888825
1.370598895888436
1.3927610233162644
1.377664597472888
1.0761322494793555
0.8764501701891043
1.2624893558550248
1.5042389278430082
1.4205093955449226
1.4222747897515473
1.4108829926581545
3.11940180843769
9.680644960266994
9.312459896491317
9.968305273264823
9.78329496339111
9.636407079971328
9.971694233050655
9.788180823183753
10.33367415068726
10.394470562286717
10.015028617410177
9.339229491478626
9.679505582505227
9.804196752273805
9.511842451401046
9.860088109040815
9.703376733942237
9.419750396952839
9.785531807672477
9.402814362800374
1.68264096913737
1.1607618961168493
0.946214300426307
1.1023010509208304
1.3987974682066775
1.3067246892625797
1.9144729875298971
12.296189454304526
10.055220592289638
10.079844655714382
10.228637621782443
10.068351324946049
10.244952393979512
9.890313665753322
disconnected
