69.34338524617267
82.56341410602154
72.98249521489473
19.086533910954167
9.404142545167554
9.585600244993293
8.948860351143702
9.28152813245467
9.439465990903301
15.262504048236789
12.76622218434501
13.050065183369062
12.408669463395007
24.941895660757716
11.363136149980358
10.679513065796208
12.350863967773472
1.8394795448385595
7.798611821273384
9.760028668297098
9.614274122193748
2.120922235959516
0.9969691387443235
1.2902874911479896
1.0273504265130275
1.257463286172384
10.932545816141149
8.91750523551861
8.836475946892289
8.690138423001299
56.122352311500634
67.40869788820675
79.79574986207028
81.6060081327704
63.33127982122365
62.55766850120065
77.56313336785266
84.62400129125979
36.52143323610083
11.891043523621601
11.969874859091622
11.679524164893795
11.97948155510619
11.933197148075863
10.402720285322413
83.0292184654367
24.782586088723974
12.050381539027306
11.89117837175809
11.784400988986288
11.862692358819022
12.027195434929101
11.897654680993499
11.890605288299348
11.709293333668338
11.837715943632396
12.008806965404888
11.973052593116993
11.919632149413724
12.002655616858588
11.821334355482401
11.86913766805611
11.820668041980904
11.818469740260472
12.038760045924224
11.874648585139363
11.85819821602748
11.713708010768904
11.646994465718276
11.928208424219845
11.96772315874773
81.04465441616911
11.406274900127544
11.817670560523839
11.914519377444728
11.574868295052198
11.657677138545091
11.618184437082423
11.49332208015696
11.93088892049495
11.727299924787433
12.073205413838563
10.723308082292995
11.377345695421724
11.58279552075998
11.488285208740763
11.545777865865073
11.156102296756346
11.135724393539943
11.616157308038495
11.243546955964625
11.413320562080264
11.889054868801855
11.664809813971727
11.800248704429977
11.575571078072866
11.761071823142451
11.331301735503253
11.25909064065327
11.291127927229459
11.08278989145255
11.291675079620193
11.418789271363076
11.340799584687515
11.444150372985685
11.249487721406272
11.198457853971373
10.753026472986068
11.067319997572438
9.687576364396465
8.080669833967178
8.380964560320987
8.27042364609727
8.110436257248878
7.338639493156173
7.246851977276183
8.453923009168838
9.53597671880684
9.532444096972066
9.68634587494111
9.822311940011897
10.007405993510211
9.955386769836938
9.853069758154504
9.782154110236
7.841183607617773
8.480897122486903
8.437172364127921
7.197963985330535
6.917538168222203
6.935381939219768
6.77901276670023
8.737004803546208
76.00442149134729
76.89903378985387
82.16231463887637
78.65401492705247
74.28279965996033
14.776792886233283
8.476869161711743
6.9052725853876975
6.959271138042088
6.9784107546918674
7.3179610295349224
7.227259647278774
7.240084444267992
6.956327908874397
8.993530873621532
10.074566565624055
9.761823192075669
9.533787485140053
9.80293646082148
9.872156135403966
10.001726448523696
9.953638486511116
8.652741589769297
8.637577534864947
8.317246029070574
7.1975069670386995
5.774764702966753
6.709158120868064
6.419708945309391
6.16472165227258
5.96513903426933
5.735267011067688
5.674957041767579
6.559790802569926
9.835925023509299
9.880737727123886
10.037269696773901
9.723577386554895
9.779485553337935
9.880923943131089
9.840586544665376
10.111556570227313
10.618867504164704
10.64058044548176
10.77354841195433
10.845393239832857
10.616287251760394
10.006713603038538
9.765618851819687
9.845922712526468
5.012253677656815
54.45662871165007
1.349047276273477
2.370606161998897
1.5814325971696142
6.205941232782869
10.1895250334646
10.457707200434834
10.652687614925888
10.63335091063968
10.680464874665146
10.857774498763899
10.728107958789044
10.790039102696028
10.831081970938445
10.677963340122199
10.688548486153548
10.736868512332169
10.702621875757536
10.826496924454908
10.723061347622895
69.19010227647641
62.88123294653833
69.43981987351412
84.53190374460881
84.16213179227867
19.819979208014367
9.329901791771864
9.150137329374525
9.751723400347354
9.554919720799694
9.94064014599405
9.66904033546418
10.655420939915809
10.294109417912022
10.036957447724978
9.321918478019292
9.708834769646003
9.605686960663967
9.69413678974909
63.42705056859424
61.06045915767714
77.49434631586726
83.40898063079187
20.864588981469968
9.876154371423862
10.033908036352937
10.0286779315737
10.042989691955894
10.223576383641513
9.960564343574191
73.39628320442375
85.56660818474846
88.23612075312927
86.51260261540365
89.05482186080089
76.48256746900073
10.59678784464224
6.469726066910691
12.537900935641048
12.600653720438377
12.592746935356514
12.191255718778521
11.546000346850406
12.341850966914231
disconnected
