54.24113181682983
74.12919531291423
12.22864806554127
8.089241355900823
8.13265701831945
7.68870516851049
8.116620061731382
10.44440017530579
12.835017412006634
12.980116546437536
12.435636753923287
12.471318640802103
12.340797886269282
11.336814677867514
9.941841833300149
11.704000111618043
3.40844312725151
9.374087020266586
9.677249959046557
9.018592780058185
9.288146402820345
9.470071189724115
12.342177821589889
12.469613095415058
12.653264148666587
12.462277157119088
12.212980811227906
10.238375257832619
11.316565668557121
84.40262405924257
69.71914893617021
70.46644938006115
80.9633047003185
14.177369906538898
8.62337064236782
8.765855350880493
8.843127043797082
8.788097328352237
8.6087686494408
8.750895055288963
8.77932299036312
1.9260255893950449
9.56599005610546
8.612233248531366
8.415892322910876
8.484448328316665
8.62179301385266
3.4559875547323164
1.288037261316571
1.1304990249680942
1.1318504845906514
1.1324207126713661
1.32830551979567
2.1970496505613752
11.870951673388523
12.051247130350335
11.593104344196819
11.998192105910555
11.871690871574824
10.41069886121067
9.513136884888953
11.650650266939996
11.831538327005207
11.81374283171284
11.797460663917688
11.754644485610433
11.93771435239605
11.941724961634936
11.959976617858823
11.942609017525378
11.821900781023194
11.882857231897239
12.079777199849087
11.957726201031472
11.917837100600963
12.275820084759653
11.80247344354555
12.160116895654973
11.716456601412354
11.903496150233144
11.910324088403751
12.008841348191075
11.952001686950922
11.713282748875255
11.51013306769191
11.86755926275939
11.869305608222449
11.775666509444557
11.96772315874773
11.76473360167174
11.742566939538841
11.86141755441745
11.940467107735405
11.700017015958737
11.72605405224062
11.5700469499109
11.642920790017904
11.930753170209982
11.702759184493434
11.853975485471878
11.380463596823253
11.122229588183819
11.616704241423816
11.288605632589785
11.504702761861136
11.554015376690348
11.380062186962444
11.528323979044927
11.454119934568235
11.323072935929659
11.279922977210505
11.474582113643203
11.885247945593653
11.681573472440002
11.742040962587206
11.585483011123356
11.675232708324055
11.550801667777417
11.388745129451376
11.27752697510466
11.109002831345565
11.344296347585251
11.45080523848655
11.388497745001942
11.489449592803316
11.424294340835488
11.13882957816799
10.961803731551973
11.236107241593622
9.659887885250507
8.132278579184117
8.391041402006582
8.24585574533673
8.170074838227102
7.387654668909458
7.25226508790616
8.422060424004144
9.581658644455764
9.556770255398364
9.834379850595788
9.754490252030875
9.987317930389105
10.006570361799334
10.065524358051356
9.737008396806567
7.886817145908704
8.430863487800858
8.338410767181568
7.404870900825352
6.95550886456314
6.923818752383295
6.903306401307484
8.787434502322405
10.105198234489139
9.799798597660274
10.32756748504778
10.111654078240305
74.67160405910629
77.76157810819831
76.94276489580275
71.05738052077862
11.150852603538025
7.037871542145305
7.310270063005987
7.27029172661247
7.255577082756712
7.016315012052667
8.9552993423862
10.06685307635997
9.826454064539709
9.530343103840035
9.778801542485976
9.929885035701433
10.054280550188654
9.953213321246695
8.691795200172415
9.150576505623247
8.890701475105084
8.20100188097091
7.250522487264103
5.744056072385747
6.734700300261726
6.479420756433766
6.226143752041089
5.967905977433445
5.744417950758265
5.6606883297591075
6.549997501374244
9.820472116469757
9.942831676314828
10.03630899254151
9.869925969154599
9.794580911525896
9.82249596028196
10.011299488969035
9.956119341339113
10.510591271879816
10.748424626817862
72.4379814168768
88.52664682665316
77.83950708930294
91.98842003684534
90.04903602559148
91.20828078110729
78.69090636198194
10.465169778460877
10.77642718217111
10.789594995060915
10.806747415096916
10.835418970167298
10.753963858634341
10.840824091041847
10.862583004423449
10.66780611128915
10.734670164437905
10.925028065962174
10.663141356464791
10.86117656807553
10.860951572056699
10.912748569659346
10.623385965178892
10.75942600031809
10.532630204409623
10.529087193802498
10.735027334712013
2.9936797537280886
55.35281231029113
1.5137388733459793
1.423047353439121
1.4167715488034653
1.400998130467764
3.115634090321584
9.339063133191127
11.670359879576402
9.905098370760115
9.815967460343463
10.225021940516822
9.999890328656408
10.951728675835094
10.568378297339452
10.479969816676286
9.44590729538729
9.971172704645031
10.014717750600505
9.864749365564313
9.990910216954255
9.840840516735724
9.488044663418254
9.88621074911964
9.326354269043819
11.288210676463068
1.3973956485308252
1.3200432177387857
1.8881388100095615
10.157642745222452
10.135526869040312
10.103689000448057
10.096416922428839
10.137070130196564
9.934447818322209
9.259439793719755
14.322509706433735
10.86131719532122
11.110621344409596
10.956534913913583
11.008094063303764
9.701850481125092
10.183711127945147
