57.950785470522405
67.86131020758167
59.587492363863674
13.86597198575816
13.040692468411104
12.94782042298087
13.520461351496845
13.127095754502918
13.51902324561969
14.113776928305594
13.333706336389415
13.9012203286469
13.84121704121704
14.27022318998367
13.608238324822041
13.991506963556
13.627825521890992
14.105612914074323
13.657512389858876
14.165112579829179
12.796524381500387
13.606560780649849
12.672647013502612
13.182173612420643
13.45203449680401
12.652577089454537
12.297451263813107
14.0894551733173
12.702429155928128
13.438156600527362
12.914571100430146
12.861386745820505
12.268243814404343
11.554683798168575
11.414252358066957
11.302507444185451
10.647252197708747
52.77314476962178
60.44275359186085
16.54009716701369
11.440591790865646
11.885820512747852
11.718093279766661
11.332097718074385
11.635621173409234
11.533776611834327
11.367108779194874
11.381081205753624
11.522939812525413
11.583851171834004
11.762753978826334
11.63210383271396
11.932586059743954
11.728283695399904
12.342795260992649
12.2678132175083
11.88834720301127
13.363954985152237
13.691171238220212
13.969790934615858
12.739854264686675
12.667824427135086
12.853464575857219
11.67988192868381
11.132857332448573
11.443338571678016
47.44956162678884
56.06908536748389
15.614498019477619
11.101034856946246
11.318245232460555
11.558695951718246
11.59823356828608
11.7737162554773
11.738327591466401
11.869910232173785
11.876901469072457
12.017477658681383
12.052286004097596
12.023402944000917
11.699299041307192
11.874077093808035
11.950299020739132
12.049654538402976
12.051524145837583
12.034856662448746
12.082247815040358
12.118308182587768
12.09029301125636
11.939583368916065
12.32422648605765
12.366267362083656
12.325747602031221
12.541837482245645
12.34704637313402
12.363825020634359
12.330168211990616
12.336514790097384
12.344429957648195
12.592557899350902
12.835960117761552
12.948340052975063
13.227320605246394
13.595799027552674
13.448454533795049
13.592362384875138
13.660982060268118
13.512054946329394
13.227654327217222
12.979393534292019
12.952538593852777
13.242981949298905
13.809453884573976
13.980547315089497
62.801203827092095
66.67573840333196
66.4444198019802
27.828819384545973
13.500181856220932
13.46438488528495
13.281772294597111
13.26664853204451
13.067792438427865
53.39525409919544
59.551958654569724
19.168090230649355
12.94450376826265
12.891231585838499
13.214193674407468
12.932769274411376
13.203087422405218
13.03392490343351
12.975378266424544
13.095659450109592
13.063152682050212
13.13716916716259
13.19519545972202
13.23257868302163
13.285895291673002
13.119048140351754
13.18457698618769
13.128040764713983
13.03133320698558
13.068158875359863
13.198351112369805
13.265054144317377
13.209865422833081
13.16136725209691
13.05721534749786
12.989523039712108
13.202380914908417
13.10101795715147
13.243065575892674
13.242731075854447
13.04925316018555
13.155505371285187
13.126643841189763
13.18267079027432
13.21802487733087
13.05998000977715
12.734168452883349
13.55309688760211
14.120666727265993
14.124280619753028
14.309219122608907
14.186432881456827
14.144285536037662
14.193057614087806
14.133323449035776
14.026224530402999
13.644272683504443
13.103269019294212
12.97369259464325
13.141120517335372
12.959422089980194
12.887468659357946
12.855158547723692
12.659794934638057
12.469724312416199
12.52240374510366
12.31738610767681
12.471021990699445
11.979789497736459
12.40911000526624
12.933088298777704
13.62136392126552
13.476974487500803
13.606207666156282
13.585230290859624
13.497097401176486
13.768112421587519
13.761788049701588
13.816322765963054
13.640900221152595
13.530536665935456
13.432949013579298
12.75007827628031
12.967675911984491
12.761172823166817
12.708394689160773
12.502172966979249
12.112254032793702
12.351773266857299
12.0370325728225
12.010595131393947
12.07904664812031
11.8896278028177
11.830537158846028
11.718256972751579
11.938461888781676
11.850425358185214
11.610626524234112
11.506375507516735
11.476560127179745
11.461350122420427
11.6004148631643
12.018958432433362
12.065772970485012
12.523001958629914
12.507504256835539
12.511123175220584
12.633864375024475
12.963427487026694
13.287789362302036
13.291326406119778
13.359315328973981
13.228029784563372
13.666590638053842
13.018107327974176
12.820540722287602
12.342613654755564
12.213905487414241
11.057662293837263
11.673380554125325
11.447554947829243
11.477502278094446
11.701910280697154
12.255052578370845
12.394954903838197
12.362185183547755
11.927326498983378
12.211771830526635
12.37411124682114
12.30621897261962
12.301959841147864
12.401515039516985
11.966732953491755
11.857728875180582
12.041110205206527
12.492975072453408
13.450093316487196
13.92563572194573
13.483776598309667
14.010716051362222
13.896200191497892
13.660848578808004
13.77634280046115
13.597297595196878
13.68737354618909
12.848149191917955
12.47580719522896
13.525955116690799
13.359357879984712
12.99085069347655
12.510302205996396
11.712595852578316
12.177451572443907
12.745467694981798
12.947660545219374
13.44832517322201
14.037631781518792
13.765401264854823
13.891413714872407
13.243065575892674
13.818234530563299
13.840577605892214
12.970964340164707
13.344693848332033
13.647735629266641
13.480179722702525
13.700741824738598
13.614333939236563
13.733624968893663
13.357613510784997
13.240473642507869
12.354028906450198
12.472727921541106
12.67199613281368
12.656929725031986
12.813921374540211
13.298068844382021
13.407871518809298
13.559143191501743
14.050281219746685
13.76937799357213
13.628445449553388
13.761381681693505
13.614687475655042
13.601398306596233
12.757563037990085
12.573419068603204
12.639651395112661
12.378091716369239
12.642699325108438
12.42778834586689
12.665108554518827
13.580083987087876
13.53822318050947
13.853469061507058
13.90684350132626
14.42789328123065
13.032507441724615
12.483493458099694
12.586813912312817
12.56818209058983
12.746164879780226
12.621014843813473
13.440481950875618
13.179936776083007
12.875481567661984
13.28888396039604
13.180558043360076
13.238676607053803
13.249926552583611
12.993909352830013
13.17418248406743
13.174885976705324
12.99713055064919
13.12093597985391
13.173644569798924
13.012533816485071
12.586360662821614
12.355775773947522
11.991297362048607
12.083013562876667
11.662474523205086
11.385499063492494
11.717995066170863
11.465266369076094
11.54079018691203
12.802305102542267
11.939753308529445
11.73530604993159
12.660903163487081
12.393270179710077
12.511309774162468
13.019642901487497
12.984496507999406
13.105275162710477
13.513491569983794
13.410057773529045
13.608061721746013
13.886768464686329
14.038477501238402
14.114916844464487
14.084298186702485
14.321140418267179
14.376905384607474
14.379419105345438
14.43891960369863
14.291617827449912
12.837138694710038
12.610807105316962
12.790475841963381
12.89242033498191
13.31715324411424
13.570198199830466
14.100207083882419
13.982504800512055
13.787211102601104
14.152637652600536
13.730208196935969
14.042566583524449
13.958307819280638
13.72082083424657
13.64422829817342
14.016240818590724
13.81504855008498
13.834505915686217
13.741724110816973
13.546312175617759
13.171079736723106
13.500355670285598
13.890263611074314
13.606913913472269
13.379557619798014
13.459675245491303
13.508921554733899
13.315208523147545
13.334087838374847
13.42697172345132
13.398876799325313
13.421729850464478
13.343674939315177
13.377935979382759
13.440137403748482
13.476411563041195
13.462915469675329
13.38241778577559
13.514623670465566
13.38921024069463
13.34881352479886
13.358294186027996
13.454796251920714
13.249089467516182
13.290989463677414
13.133137947446206
12.62310396301825
12.455948516768578
12.016479203314177
11.659783611880219
11.578894480685298
11.533364314056541
11.376574201405559
11.234181148085453
11.44009251783805
11.380185694672809
11.220086618996792
11.369173178936297
11.464326225820471
11.468432651766623
11.684176804383616
11.895393917736579
12.035132924922168
12.205552920361193
12.422782335692919
12.19806310891377
12.724548954411555
12.86008542108055
12.790280822983023
13.070357928588791
13.25151730565692
13.205872629553948
13.368640475294988
13.422674803746812
13.40701435859406
13.64889033517735
14.19589181578493
13.642186885064612
13.759846730222884
13.597694330165956
13.454796251920714
13.27034227028532
12.319194992789358
12.636148091911222
12.656662371639543
12.780849008596128
13.10994489471233
13.55949386731151
14.150536763763217
13.983064182746803
13.406285858576172
13.939056772448264
13.744200754336122
13.710101723281294
13.754386885417931
13.852142236724342
14.11149764825419
13.623222109984766
13.92369412584859
13.886768464686329
13.800139504889252
13.938269307457132
13.857908909190028
13.834323390977668
13.729713804989345
13.829123460657115
13.82210519724896
13.938825155861592
13.858687319922815
13.947632000744884
13.79274239957908
13.915332961753855
13.923879016435892
14.033169948307878
13.932389294694849
13.906520737250792
13.883734632673733
13.847340341239237
13.529576465275314
