28.254936171646065
60.32799712333693
53.67129037211445
31.663488468652098
17.743078205177017
19.809495022008953
16.994060208257363
18.557307129046674
19.4054066558404
19.708685947889013
19.975729866171356
19.631291714641428
19.639840607601574
20.002403548094808
20.135300951484833
18.92138764830604
19.497327098111768
19.66691518143923
18.900327599958544
18.337839492138997
60.82844836337795
66.23456770627715
49.43140328340267
19.0364634865883
17.40035760660784
18.892920848273004
19.0248066586533
18.23150683740622
18.952337918195457
18.665491813857034
18.56280980031157
19.611281514176703
16.47066400160218
16.583454912798857
15.566688069002119
15.870202203656618
14.84735659038213
15.411396405003012
15.857961677479848
15.73410760239183
16.074010201696193
16.780169309798524
16.883378685172364
18.34762600502183
18.636132993872828
18.752868167145067
18.900668279911496
19.86729570473105
17.90119631417438
17.662830311835428
17.87411466900766
15.402907023715967
16.655563762280305
17.208742425050566
17.04565091053917
17.020127256200492
17.345453041644266
17.93848154104082
16.346517945180388
16.503781350583534
16.04050756839859
16.28798993433239
15.138230103188038
16.865049176109178
15.676417932761488
16.11607033075126
16.5300585643459
17.206059835335914
17.252984294916622
18.365461073649183
19.49469907181468
16.946888245110042
17.545131307046827
17.687260950421063
17.81482252303144
49.14528091862441
55.43548195239291
26.728761606158514
16.27711783173769
16.34766476074662
16.144667911237708
16.365269437713867
16.357546779817014
16.1943489911119
15.744088887220585
15.68063764800006
15.032862739194792
15.88534896756503
15.620371301417054
17.09874072050844
17.832621894185472
18.28180887000109
18.486719968970654
16.504950339204484
15.574664968455606
52.074692093762415
55.269660552393
52.24724083808765
16.57663867206798
16.76648544931244
16.999914884993412
16.55491658016159
54.84901268471296
59.464152548380234
58.913728685001544
53.87881357020823
14.916475215693527
16.490738884105323
15.691960043398556
15.710651304256626
16.006411259392685
15.811333273017883
15.141618382339669
16.86654120220689
18.13470767793987
17.931426030747133
49.12858715768267
57.39253704793312
53.586947911742534
49.134917938685376
17.84058630619441
16.396169031703216
15.876569940419863
16.48121340720657
16.505924622898046
16.891946097896916
17.197735016626552
17.85813307900608
17.406784584865413
17.38982474615764
16.26998300968991
17.307589781256834
17.381969482225593
16.738917357086986
16.239116631305077
16.182540019368254
15.93241559546601
16.039280770319156
16.45844876433241
17.314234290762283
18.007951432717654
18.10285161830526
18.567740336089813
18.77376876009901
17.252061747539273
52.645303811926546
55.82282793867121
34.86131289791712
15.644375482557077
16.53683654399647
16.127968500061524
16.256488170909428
16.2491196125908
16.102520395431423
15.898475464145736
16.571399221666898
17.02240674678063
17.55401633066457
17.755997612385116
18.086458562416183
17.33620458049343
17.82080217539089
16.730170759823377
16.84405320310994
16.445671267252195
16.44625163215452
16.387008552351407
16.259134924757525
15.800552263489205
15.974406240002438
16.000976622108283
15.870742662110874
15.95605365471381
16.32679244989237
16.637593316884704
17.418857017081205
17.53772176669078
18.12350224042795
19.12151356279918
18.159754423792144
17.401007310050698
18.049566006962824
17.03976469441149
16.85440919410902
16.14777570309342
15.94768140408511
16.164142406795076
16.168940459898614
16.58122590974679
16.961554170727467
17.165569852339324
17.322028438446004
17.974612806733347
17.12065636671633
17.472990480951488
16.914221191652384
16.686375372472263
17.054106472690606
17.88905664883862
17.63357283096288
18.12185785266796
17.98016066942737
17.797058648811493
17.12065636671633
17.061321119278222
16.705648999685348
16.568584385418806
16.208304511641387
15.987192876800048
15.842567866167578
15.68093076813794
15.7173627921966
15.956357162150338
15.965771623031069
15.64484231335907
16.431432925515452
17.260155140840723
18.351399006803614
18.71078892779872
18.05842514735451
60.262988505747124
36.608775344546174
52.63209145323813
59.665476478370344
58.789039175835725
53.498775510204084
17.385860193659635
16.50274238859292
16.583782757911717
16.831210523358937
16.83107544141252
17.030286050713602
16.301473788943472
16.698200117046138
16.763603953589683
16.636141519911153
16.920430523954753
16.870272422683524
16.90304224648282
16.432269792515513
16.031801363789256
16.299890020635704
16.25226775162259
16.426863847852992
16.222660571039583
16.90304224648282
17.331619855952198
17.45234241394089
18.292253613265064
18.55968848179123
18.34184909521852
18.83590508182292
16.75409534841918
16.248553077083994
16.66085657766161
15.816043409893926
15.253456690450733
15.944650147878383
16.367185274503147
16.526411183873535
17.746531553449408
18.40268868628191
19.107750059223353
20.021213119292767
18.62124017172565
20.113864804726465
18.675548114770155
18.447123398528383
17.566073215983383
16.734175700099346
16.4574155019658
16.53709734652841
16.628424854402805
16.57768695975242
16.91497152812505
16.461226299946233
15.892210577367555
16.118114079078328
15.859700600840194
15.952776509965009
16.534685236944497
18.101523456044195
18.929414738058274
19.969643010179304
19.726946918887393
20.74129166254574
19.834225509296914
18.10972992811036
53.80485927598327
56.96383316809496
57.23433811388726
57.283583720295
19.755006688144086
16.45360646798762
16.142865940020936
16.131814370658688
16.039096766792223
15.850830086428758
15.374676510047433
16.75402842466027
16.576049068504627
16.547797337709987
17.302163644988966
17.455102355061154
18.117004734095858
17.906469598777292
18.354049063109898
16.704052251140006
16.645318496235827
16.695541411415356
16.104437038288463
16.19066074261649
16.430081243487596
15.993045016739242
16.228749192297126
15.5443039851165
15.449999263286626
15.760476161846931
15.30265241344084
15.584618642965694
15.58045044074546
16.919065444688265
17.646407445116665
16.988278370474777
17.838385900445715
18.440553967905036
18.31749775087563
17.21559388262722
16.79320312937917
16.568715286830525
16.408998083017096
16.257811440111322
15.912710276119007
16.40450563204005
16.23930525280605
16.431497296873776
16.213755566551214
15.527730576009654
15.525776325092263
15.722547512838775
15.517792001183913
15.587282828845904
15.794780643946526
16.125922252082876
15.860660170090794
15.817057350589797
15.941620043784967
16.405788938433858
16.37012376227963
16.67165110520186
17.005635698705007
16.75182024051538
16.450121778555207
16.314218479550362
15.830788160606312
15.886672676448976
16.109570941884538
15.49405993262013
15.351323653745503
15.212793198626088
15.290769696284766
15.963219510709882
16.551911382264613
16.929650573766192
17.436453431331792
18.16101250914696
17.68763389167215
17.08877861164756
16.902769773880383
16.640497671133964
16.03977146703175
16.164204700922227
16.05241725605462
15.872484389782404
16.211374195094425
16.571333749496258
16.57218492806992
17.244968526307566
17.519261855136147
16.633436574252165
16.493267899836415
16.076413004315864
15.640933465591695
15.637726169482173
15.594063234288093
15.304327519521273
16.742057678874364
17.179772427521687
18.433179075419375
18.297600195439454
18.42160186925739
18.783942102717518
18.942238038893354
18.25181678140312
56.504162737437696
59.973461450469
17.434786404013785
17.702564448871406
18.294567421978932
18.199704937950187
18.129064047925727
18.435528675410527
17.977155152091825
18.15307376694424
51.13009557245953
disconnected
