57.85406493972248
68.39468406033428
26.041549217071687
10.7926212023354
10.574933123564458
10.637180261015557
9.839778538919909
10.28754473187853
10.760668170074991
10.568032130133085
10.492737670550916
10.298785548369354
10.208149377674152
11.230150527730624
10.528981468929958
9.829447772247063
10.11594629337977
9.314176330293973
9.467206879817622
8.795763911461556
8.62120819715936
8.804275452671527
8.37487320793898
8.352125914007615
7.688521945711311
8.200424655016677
8.156950602878258
9.147882224645583
9.160349090146678
9.198842003684534
9.551829837626107
8.791984236783634
8.626137317165469
52.413731052322454
58.71004045296119
10.898825485916225
7.674004683840749
7.594400757574386
7.838516583222604
3.6340624036098856
53.08640787758357
64.19296285526255
13.782091808234481
9.379893952710333
9.732083150608965
9.73926935231819
60.49506007240419
11.510259414868948
8.862035669538063
8.202701962716983
8.268630176144148
7.702203067068949
7.224533384777561
7.183343523556542
7.320157771649971
6.792318143761933
7.052723441963858
7.768912894090016
8.012363437692821
8.545103016646872
9.886606905037468
10.084425092385777
9.981827441610303
10.328432157165969
10.43624004100543
10.228487956669861
9.351827532157118
9.2920354374406
9.05549054575131
8.640050757134118
7.973143441547826
7.828480238906257
7.68769050582217
7.6347386374599315
7.698838282883349
7.584718821542368
7.520150894141018
7.884637725839774
7.73599911468516
7.698174156272254
52.529262213984246
58.23076816282331
18.48321692189049
9.45063224969131
9.410599057662104
9.535066222305073
9.596390517787729
9.602168458453141
9.489654673101246
9.266804531876911
9.474820355155767
9.382432813317884
8.963145635217439
8.439583081814158
8.262570745842913
7.792526479478752
7.444893322446661
7.339011877349049
6.9487331989191645
6.941936252685378
7.093156462608043
7.11900470152927
6.893616881398609
7.475464999394021
7.799452924954767
8.125268062107109
8.750493405268275
9.154650876002105
9.759256544673168
9.820012268272468
9.816909419009345
9.947571512258058
10.010033173432616
9.894840146453781
9.961747193266214
9.450696132795866
8.982552324821873
8.660048562131449
8.29407216545811
7.804939048104639
7.741324862912439
7.5713558495947435
7.8231360780093295
8.061210016394167
8.58825047043575
61.10671775521205
39.18628486009249
9.833042630206869
10.426459511528183
10.443437967636154
10.590981400211097
10.659618375707794
10.656178941725546
10.61919012390689
10.417861587106037
9.816036378018728
9.397021131683186
9.229163274377175
8.872721426471117
8.251241334267121
8.081339316507743
8.03956236055418
7.86968122033135
7.6287536240319245
7.579770671630328
59.1405084530675
59.395944261923646
62.05876956766194
61.58042019644404
10.912493040342598
10.341343143007895
10.367851607592652
10.254319997652972
10.175953107637962
10.23890011815137
10.15609321426496
10.058258853096275
10.09022324865281
10.382505978048309
10.35807088121186
21.667031718152703
10.412223670328306
10.2231029280218
10.649496001015615
9.962930323926164
10.221907024919272
10.112361067579622
10.041162430484235
9.91887168596773
9.91169916368715
9.585227844051374
8.794767974603122
8.429491031502788
8.484568469388787
8.080483021426948
7.777859370769682
7.747130130901125
7.570699868957326
7.405380782717087
7.517724699868441
7.465804678516631
7.27484394214542
8.002808602872712
8.894321321709775
9.130676326399108
9.35155647315357
9.454850387949884
9.42951309110039
10.0181144189246
10.488250959602906
10.518657100080501
10.584914183615014
10.444634252630268
9.357878320701634
8.816397226210169
8.6133297737984
7.997620336966388
7.541582682587831
7.378842868779061
7.551277088738178
7.492210023900454
7.665127295122562
7.995150646389862
8.13756414609303
8.53279517283049
9.199548171300105
9.90980229085548
9.839039906918263
9.689187659540062
9.838070620687066
10.314589389088082
10.642254350219984
63.29878361655248
56.83184737540988
64.11152211794197
63.824700225211515
17.640692622485417
10.254395208116863
10.401378814368437
10.262323560283722
10.273282827911716
10.337086848402846
10.243901485917489
10.191728629051854
10.30450377853556
10.376444160766328
10.354439817020635
10.255999960876466
10.309898899521414
10.054497467380386
9.579907862309655
9.497132273191452
9.178349942447996
8.892548736921333
8.601318609205656
8.30088425519114
7.999801640660613
8.1595212805279
55.099037084718155
10.696071505986458
8.074027731524348
9.107301598330666
9.685540632909055
10.151766869977733
10.192843169418827
10.455882316281226
10.290093865154095
10.449682471267947
10.334005134598423
10.323754482778991
10.294715811331221
10.249684149819288
disconnected
