59.12966983393013
63.54139587026012
28.0128232528318
14.610736057407602
14.402774582353244
15.126492163212902
15.131785630535562
14.025286487679441
47.787444457103796
52.5905158361963
20.532634928405336
11.665069348455477
11.653822643564466
12.05412178551311
11.963251463923172
12.170314014287621
11.812511793349536
11.874917541271833
11.9621937655078
11.853807978837654
11.949107443007971
11.910831425958847
11.83658011406769
11.911575599227536
11.897958431081092
11.666172498866567
12.13576957018648
11.81946886694621
12.305244165407577
12.464795596923553
12.044083779856768
11.387817493178394
12.316518031496758
51.27949824557113
54.46087125884568
15.751243033753436
10.886237460581128
11.06504264507636
11.114831686369286
10.862386081407605
11.23592664227124
11.130021281902952
11.077140857531461
11.032764462027314
11.109915026170244
10.863398904414717
10.856004016999778
11.664388095065938
11.459220807606142
11.560830533374862
12.113093553436416
12.423407866403249
12.464647425229423
12.9252767300249
12.953378628783199
12.756903405548274
12.901382630227157
12.937755829125424
12.560466446460175
12.184243551010923
12.351664143897942
11.154351849881923
11.26404950021753
10.91550336758169
11.603335232962813
11.993148902709272
12.38010118242944
13.006077745528517
13.390449859688218
13.820192361552731
14.110785524204266
13.885435254001623
13.761968665408908
14.019520282375591
14.442101493688495
14.582948852119312
14.929430273864357
15.286088626647764
14.937831215453873
14.05706203896413
14.376461878059146
13.855253812891654
13.893530403558923
13.70799575128687
14.04990469937594
13.04117903115478
12.622458161419727
12.121355042684653
11.838651496377251
11.268982452935123
11.98882953028575
12.643499650324355
49.492648620583864
15.301033492753147
14.63878263297501
14.654177395630619
15.010535959688502
14.973400400546915
15.607467524010463
14.774138325789464
14.292640539223537
14.279162240923823
14.041955419855507
14.024629932423169
13.904584467377648
13.525955116690799
12.996687541250802
12.487618979566925
12.10051295070711
11.743290234792786
11.722219737960023
11.370868395939967
12.264979208945709
12.831719032031083
14.25213647623287
15.02096479604627
15.075981898630895
14.151061927495403
13.296846269924803
13.155340323496294
12.718105461050971
12.913696331532197
12.531345513213129
12.004785538058194
11.729628448859282
11.82173417964126
12.3344106290564
14.17095131749212
15.49760938804768
16.183601497086855
16.61933234274393
16.73925137787498
16.432720448517284
16.32971645039342
16.07826180290415
15.328433755194077
14.38889041359058
14.21364329526585
13.221899982346859
13.854613080000131
13.02138096110323
12.968638206165995
12.858587252097722
12.465573556116277
12.73057392697903
12.052701603749458
12.483604922838817
13.772407271198908
13.94911635393733
14.888940952624367
14.484144223165353
13.995008341675009
13.134207213582929
12.85015670907871
12.811181634361045
12.818895038768693
12.345665348988488
12.18442052667509
12.070147973777965
12.141109178117484
12.163184818290434
12.717449902518746
14.563656692060361
16.136282845381448
16.05548963014569
16.3929008328741
16.226865625447328
16.192473400559013
15.0802640472869
14.335237040606726
13.213361098072324
13.063030627690123
12.315143827753163
11.827434614028904
11.902617875335215
13.159963227565521
14.342884304331621
15.991032860448891
15.94131709671657
15.935744924981288
16.222221362738008
15.973919534451502
15.24974094771325
14.862824724221388
14.617712148829169
14.501120177015627
14.226563824952004
13.48906705773764
13.218191501766395
12.792270295658751
12.186757087361151
27.688281853409293
12.141636367846969
11.996750757965792
12.14933855498814
12.278048066508592
12.63230430985152
12.919782406466199
12.784783735178468
12.737068742996486
13.000232462271374
12.739970354530653
12.092767930251064
11.9887952619965
11.866753430471071
11.124353513438964
12.038172649440183
12.748295639329015
35.12082059870212
12.376521133576478
12.054849325305014
12.288048000187501
12.44740950018103
13.3237526167491
14.066679410945994
14.889099512607249
15.172181286105474
15.174980824613959
15.223449817796425
15.245029550097046
15.786814411104922
16.38854526059962
16.710640807024813
16.632579092214105
16.957782467716243
56.71733986017769
55.60451273349153
56.03163407074917
13.092634444180849
12.48795360081937
12.705045603385344
59.81949911575104
59.768353853169174
31.6264816769718
12.697122617948446
12.647159570618744
12.659565670132654
12.747443250028113
12.824460717616303
12.560428832390022
12.611110442950437
12.8744935294551
12.745816277847165
12.996647269166651
12.330168211990616
12.12461372577927
51.99722304869582
59.424555835765496
58.24775024997223
31.4347255843932
12.97738558977231
13.531104121300105
13.611948048576268
13.493797292428065
13.43746776234642
13.451905067350866
13.493840704434243
12.935122449168407
12.366887214143343
12.414986887361549
11.90535446659703
11.697308754218144
11.259392885137819
11.144423276711862
11.51993320351231
12.762104712264911
13.364891820412325
14.002437062038252
14.06172765004459
14.52100095553309
15.130639307951487
14.591776456549646
14.312051074690935
14.43857166954109
13.721359474216248
13.608724006917429
13.05806901532982
12.719223922780438
12.423923056644124
12.10491318803103
12.140195491028658
12.141671515456785
13.029187738416233
14.043130781824939
14.071634660547257
14.139469656618505
13.78114085381681
12.463684395076696
12.487210022388416
12.187394486722399
12.070877449470894
12.480336117450673
13.423061413895734
14.563504987829903
15.505744916820703
15.586298132306709
15.820517656288898
15.831325937864474
14.817249504537763
13.54683720104
13.001199594555638
12.654256699270487
12.252940317256288
12.061539877265329
54.268502225442504
13.016572116637908
11.087711877848388
10.894098029386479
10.699536744148078
10.68754076973255
10.536731438332936
10.437304812408394
10.513621095904146
10.42469733535814
10.702649185749207
11.16985795015739
11.896271126830472
12.381416822628543
13.121264355230762
13.634603506901326
14.08751494632757
14.111165314753073
14.0760265122913
13.261363348931326
12.857798882304794
12.158742122320719
12.086460629637633
11.255918052980025
11.210010770879604
10.961058917301486
11.178461300647898
11.11147493211471
11.173934703555206
11.126566798332993
11.773154437770168
12.609063197070725
13.749922961428263
13.605413225553228
13.90684350132626
53.74625507758941
57.10031992376285
61.215523154837484
32.51625307191975
12.136190947416544
12.533217791456874
12.675519344329672
12.288948073142361
