43.344811194014426
18.62471303413395
18.10613379609844
17.951072535223325
18.54426159927137
18.6223149669227
16.005861521553303
15.538315063367577
16.172805897980666
18.102382832899583
17.019022268389275
17.79041575826469
18.09754013833216
19.0628519486422
17.37894457703527
16.874752066946954
17.723210060171727
18.89785803754066
19.020147923761673
16.756036370028283
15.670853726882122
16.632908882535126
16.729970563129722
16.53057975012809
16.63812130588282
16.18978581161149
15.550874070778415
15.903056775181806
14.763841418127162
13.717769339704406
12.848700212597798
13.4104436571984
14.017599267421303
14.137515631372628
13.897213138110526
13.63792851173967
15.168943892718422
14.83700989062301
15.638192603529337
14.306144306267097
14.60447852141243
14.20897261735781
14.765816479202972
13.28673703417428
14.156697954954316
55.692373061397916
39.84708341250238
15.795553915273578
16.098997436015537
15.855383975655394
15.966500947870907
13.959283382201706
14.813063086925965
13.717096398623811
13.730972327254037
14.5630498941009
14.777625886100033
15.448576616660713
15.200829207831084
16.35269991032789
16.52348141932485
15.96164004049107
15.062987742906293
16.111613042008543
15.68210335828429
16.13398623671466
16.081282421909446
16.661981734325405
16.22906316261937
16.64340303956192
17.269962572107367
17.333697008769537
17.568501298483707
18.177934955966993
16.02328824165371
17.871753682533054
17.271455984451052
17.933419416628897
17.458735186749973
17.397687113205357
16.81009654884955
16.847233100766786
16.32469544233838
15.778618774969717
16.11891933438377
16.314789603478992
15.793531673262518
15.360206252769508
14.671759783962278
14.300437437563716
14.493403456878857
13.874411604174592
14.58852827931146
14.663655369641372
15.476965199647235
16.266512571311114
16.44960565379894
17.120935909315417
16.7931358928264
17.160302595133768
17.275937771590268
17.716697008992874
17.809754316238227
17.771721537222998
16.566424810708543
17.388238708206373
18.71571488492053
19.3539194152716
16.586799541266263
18.014448309925697
18.301672077355395
18.569713283864914
15.94646876330677
15.54534099795783
17.11018010484019
16.940248955952082
15.778856209887968
14.31664317141521
13.02324079450294
13.090182762408869
14.051457975986278
15.313211707879855
16.174739310174616
15.233900053391059
16.914084773991135
17.01605332446215
18.009884537268828
18.086146601870578
18.365863163656268
16.424676738485154
16.43040305237056
15.842089161004242
17.041980204456436
15.20380466303213
17.377072544226706
17.082305984890137
16.264935588698357
14.778042421252907
14.162960161541942
14.802973085529148
14.973667675786828
17.006256259300255
17.159389932578385
18.366908680078122
17.904100057627048
18.672721282866327
18.033501874591547
18.694026724191723
15.829772458796134
16.335058632924014
16.487497690581108
15.71783398913247
16.729970563129722
15.808294041602123
15.12033021503632
14.147434319039636
14.319233631714429
12.860598032722546
13.576962916925627
14.452701329042172
16.881068332380806
17.365561213927876
18.525341307103517
17.613727128801017
18.586665012274995
19.525827715913746
18.670975725929587
18.382686289806543
17.620460770639735
18.15582403026617
18.085522713062975
16.662842250790572
15.566572521832075
14.481393759020005
14.757711700110129
14.963998387401755
14.97361421997551
15.519055160063344
16.306670709992456
17.401296082710324
18.122484250913836
18.05865840006889
17.88486122541223
17.87411466900766
18.49666607867349
18.50547976633782
17.562322044685626
18.129064047925727
17.003636422603385
15.546090037731933
15.851369226234118
14.651771429369887
14.19589181578493
14.343276691641902
15.312540843260452
16.757710025530283
17.36412336990271
17.749084892366415
18.51029819985613
18.569384430119715
19.217007239072665
18.44639323065556
18.376243176222147
18.30998114130055
17.241353228922595
16.4777170155258
15.151956534304375
14.933416884148013
14.4951064418026
14.4650625428937
15.173553479824326
15.283749166451068
16.505469942860742
16.721499962126195
17.427976648037728
18.163922499285448
18.71295936896301
18.083807240759345
17.923380325024677
18.649722764440927
20.170547556530185
19.741803085786366
19.43787190657151
18.50890958033626
18.691277590363594
16.97157447084006
16.458190436577382
16.439547690438395
15.897752340522306
16.43871008199163
17.371386918148346
17.1476743568044
17.620460770639735
16.89473578210029
17.755696947375995
18.04032757552818
16.96038819247877
17.930506155950752
15.676242160578267
15.796029812186239
15.823024340189228
14.626122858896391
14.282857726622625
14.299803622081606
15.159787908469566
16.18179082481028
16.32380596550221
17.27358987875593
17.573506737279615
17.626977322776405
18.057336714353983
17.65948381120795
17.458735186749973
17.405556593007574
17.238660463281107
16.77909525866897
16.00824399161861
15.515897648368803
14.5260299781121
15.570733300912124
15.83885865768416
16.646177292354583
17.97723220408723
17.27437243878833
18.292253613265064
19.211549912514542
18.736030518665434
18.43860836842892
16.555177953290467
16.905017935593083
17.08293215382485
15.740839150341515
14.954128309528732
14.717372539387346
15.129711459727368
15.638484138939017
16.844120848008288
17.795472962939392
17.10578389709541
18.01220481063648
18.359672929105457
17.614244918528474
17.969068366621254
16.905358618326918
16.799054771202563
16.63917738441886
15.586182293834353
14.6687837053306
14.542247124005797
14.639395758582657
16.696937126296763
16.793741041184525
17.208460007795352
17.039557019878043
17.728603794001284
17.85243229208787
17.25688847196679
17.41726567917845
16.650869204476432
16.954971925668712
17.94945928712346
58.13311157311157
26.25016585097195
17.43768578686323
18.725490983932247
19.722772649685183
20.111839423828453
20.11859228027763
19.747286945795413
19.93973824453646
19.895756448812698
18.601832551291036
18.25086374198265
17.37592072448278
16.20742767273725
16.156608359687677
16.098317744095983
15.456489854880196
14.809977119290416
15.550182221283
16.19478669142943
16.43439453010207
16.579915011364758
16.49917195422736
50.51734977778313
59.64850605116828
57.81339508470138
54.60835600921791
15.02155655596503
15.560566431828216
16.198476820169002
15.766874671077362
15.864139582206521
15.356494550194231
15.735642360850578
56.47144992123652
59.265857483997685
23.03613346148565
15.43345586476651
15.737354560087649
16.134234487215487
15.631839831841322
15.713182157053
15.452105261218911
15.785566699911556
16.179106780537104
15.589194653821567
15.635510987679632
15.372309857503078
15.747221721631526
16.243267316763355
15.689964238152953
15.427098084074165
15.359587511077583
15.835270754442728
41.284551405088834
47.666337094996194
57.46802767691992
25.21630704670751
15.179319404886417
15.287760108180217
15.301312592570975
15.219085977612076
14.754856366923937
15.092038932767213
14.816307354276248
15.463156924551605
15.767408114702024
15.73540622467661
14.994705400777208
14.7706003951219
14.62801022561216
14.997278945618245
14.973186587224806
15.530605368297497
15.661491355811956
15.871283157376926
15.505057076950376
15.557680537988182
15.8134793165332
15.929087656801274
15.550643447439743
15.395218064762409
15.282301288007142
15.04100294773684
15.078854464009664
14.82935107729513
15.282579704864274
15.594063234288093
15.920018522665593
16.168504155551787
16.778289810547875
17.352054873861277
16.81724103366011
16.578538791127134
17.195760818317858
16.99695260325488
17.10313330832341
17.06715279162411
16.822839540834742
