52.53979030702359
66.70649044960797
10.4275222880214
7.5783874418201265
7.562864231723501
7.387043142559247
7.469753608605444
7.564651075549047
7.499899865533717
7.556746258384516
7.302785965877533
6.630639745543534
6.163589259026859
5.652738899857816
5.2106585899444315
4.923920725221936
4.799545941393484
4.677045222656489
4.922152540463404
5.0883901156026585
5.335640103194028
5.925262902122995
6.041750453746651
6.315286734492608
6.5083466521840325
6.35768399416724
6.399638692273538
5.884141046414568
5.619242837123434
5.356443293373638
5.072402879716334
4.715265380274216
4.728421797865036
4.731109925474064
4.782787773188682
5.44262431225994
5.911708534710095
6.561545621651218
7.214902148316215
7.950458246059653
8.02375195127177
8.386964155025614
8.18234738706682
8.173067854540069
8.103525956838425
7.481211818530443
7.606120724360672
6.949124629498006
7.244648951899294
7.034023827412257
6.998438229993993
6.388146992884296
6.23842316467708
5.951933883546948
5.8197075926832955
5.755429800921021
5.568357453610341
5.3227140574694705
5.498974097435178
5.321356708051997
5.524585521471746
6.174859220763925
6.179353262783218
6.444298653309877
6.403234055286102
6.119765965828677
5.958512213070272
5.744709059930203
5.152707616707617
4.779174609541021
4.597999127386259
4.435164477266936
4.3364574103693165
4.839892408473929
5.347367562164698
6.261500979314957
7.286977339733734
7.861214820146042
7.938840907241159
8.197331467536504
8.15860072826865
8.063798208174722
7.777080598387587
7.462908793281378
7.548817185722719
7.028342577542436
6.632569024953351
6.284806674538339
6.439401243571044
6.202352996847292
5.821743203947506
5.928596265566031
5.904651159516794
5.6041291715602375
5.542405446333477
5.738978853245216
6.07692240822252
5.969791684458032
5.801202203024594
5.870675344670726
5.570590899371395
5.443719215818608
5.172533543804262
4.833651020478721
4.872157533291825
4.839825391202403
4.8300996812411325
4.885704467754241
4.919300698316487
4.966312277174499
4.9506902608071615
5.85257165182932
7.371425056459196
8.232212428287395
8.35966683342269
8.40872166221602
8.176620925875746
7.582086314548814
7.2534189246211
7.118497247170797
6.722589083075818
5.9884921915379055
5.709223661750974
5.369685113966314
5.71565777765059
7.111207563036608
7.667537443717883
6.133646476626125
5.590057509179478
6.397988913396973
6.006759621002945
5.003756720999343
5.746834263666582
6.066928091717667
5.197963101350456
5.473727620223396
6.457782649931639
5.6078006152891735
5.903820032402501
6.7587164848197725
5.933838394556091
5.978275091898271
7.009139295293322
6.370517305013875
6.4177443737873885
7.256957973597245
6.625277217901168
6.330508909462474
6.663029854373945
6.8816052633737765
6.66422615415904
6.737047703642785
6.788129887617173
6.655924438357816
6.5294613973965
6.111090227481012
5.988304093567251
5.719749843856965
5.6180761961656795
6.187311178247734
6.5883121697443405
7.012268071916514
7.1157196127863305
6.986745468689356
7.516929787931847
7.835148761766349
7.631890766700147
7.258226345417387
6.828122532636353
6.781270563431973
6.803909450000406
6.130562453684282
6.121409369134804
5.9093014736960745
5.629363984345221
5.984151850044657
6.723192531609858
6.863228101523906
6.751329564623923
6.608731275436808
6.355978717955323
5.770641204675064
5.917513526478037
5.849217162596172
5.574855687628678
5.825195686834401
5.992539157990688
5.864732219012436
5.802454174448364
5.793581662999322
5.765715039809968
disconnected
