33.37208691708505
29.744094516108444
10.082970534570254
7.844321881902325
8.467833045978171
7.8539135645270015
10.494050299736791
10.817031592520955
10.204498509823004
10.464621464641425
10.329525920453147
10.446585305105852
10.428688999450507
10.48274621046449
10.299847748145964
10.439512957597842
10.44549262592705
10.371389502263787
9.305517900841519
12.186650860616204
11.957317125320364
11.993286076615359
11.417825652584613
10.093987124721737
9.946179748636471
9.878689814193287
11.254287132565034
10.723993515956984
89.46130876205102
30.72367543968883
8.12182237851068
8.745402949535134
8.665362342494593
8.691795200172415
8.754968408001218
8.701713038553223
9.397442216864878
8.803739533985555
8.776016471100249
8.557900385424468
8.678145651517221
8.758332237055042
8.392720433012176
8.549143822702712
9.099595819782918
9.077381557846259
8.50028474092629
8.94582558397461
8.929522771400347
9.126583545488174
8.902344496185895
9.0793465249231
15.878312947420623
8.431422764799652
8.3650520135299
8.370110056774529
8.427509383313375
8.476440880402732
7.902330208301932
7.440746220467133
7.799772011745301
7.771806360041654
7.85034148569204
7.758852942101398
7.835748900571292
7.8151189418119555
7.871719416251276
7.762414057945533
8.077619643716899
7.629502972270932
7.097333362663693
7.327511115381592
6.9994659831250665
6.892223558719329
65.29115815691158
12.72119134997422
5.996145818441744
5.38651132446691
5.189467406716371
5.404445910494225
63.96681409181028
7.359874220899545
6.321216286275787
6.446963199331065
7.231458876429291
7.420814992002944
7.204566340245941
7.3314816595145915
7.54181321250045
6.996780446466999
6.592868774638943
6.450274662746136
5.530821479763328
5.4296743726034915
5.206467269533698
5.349686490788594
5.849347679048329
13.641299504668734
5.144434809379021
5.335748706231968
5.2947553656954005
12.202712099127485
5.055869699647175
5.178901149919186
5.764787863210977
5.871612238498409
7.164031448399312
7.46507385331143
7.704141272762673
7.537042760722526
7.0307223987877325
6.929492485333307
9.315583036828755
6.187621523218864
5.346018053293158
4.914850584841234
4.820811892772869
4.933105631848099
7.75536679079778
5.879266504627099
5.912608562652333
7.086565056000757
6.422638389097313
6.506852332771743
6.75881450542084
7.078241469683392
7.74179639480669
8.286992893144266
8.570525984548016
8.520851617097351
8.554025749952583
8.339853218087063
8.424750178264755
69.04204115226338
22.58924907231375
8.154936450934912
12.792465375313002
8.033079947675766
7.538410937631989
7.31383931296046
7.589728371113351
7.330354099999476
7.414426501913575
7.247165015697597
6.845429203742027
6.119765965828677
6.144735087937766
5.842861540904728
6.223926398575457
7.049854693427504
8.395677160168862
8.302198715766304
8.642899385726855
8.54553826469282
8.411504114198848
8.59247301474791
8.79430696909845
9.507594870713788
9.315334763624412
8.889759290227273
9.280295956703942
9.348784233484231
9.075731642666263
8.84797728466525
8.76056402747869
8.75425575434759
9.114941204849648
9.10532451377748
8.326756850117329
9.943703844193406
7.024258227449562
65.99383221096356
70.70163845998248
69.95403449081023
68.78501730160552
12.784277149379882
6.366050193138095
64.7548940900389
68.8279098770902
73.84468036409092
70.23281982585398
63.762602614776526
7.19444520679529
6.590910733731734
4.931087347046264
4.7625419275428476
5.357223233387617
5.493565109876436
5.864863428780773
5.127705328686051
6.511013899712195
7.101274716790741
6.683595941053491
7.468317150778205
7.502502441624602
7.776287564589123
7.889784278759697
7.9001422073213226
67.20887079975003
77.77455543399655
78.6407424767976
77.84673063716848
78.37037313851155
77.56743661346698
72.4529970633961
7.9104527717582975
8.416449615327503
7.7767777845762485
7.411151260281476
7.034566501521194
6.834887665991484
6.674279312825018
58.793159517802074
66.42653067688701
68.50751339344048
69.44441868936057
14.590659732489172
7.701015160389466
7.593754526230411
8.05562085628462
8.287828011381599
7.2068936484617305
7.367734682405846
7.413902268730059
7.1321997007209905
6.823612478138854
6.597960978264802
6.481012658227848
6.633943272349976
6.275929350786155
6.383256807781104
6.591832629249648
6.3754364364592595
6.657213283622125
6.624147167332087
7.0467159710625085
8.673121063362546
71.08266955902789
76.65729690212922
78.14987888950996
75.98652125076995
64.58637840501378
18.9483993964419
7.901258382940246
8.160267397678169
8.084002775422096
8.378302687694136
8.16392057785624
8.034526420642294
8.128622149180607
8.410863143878704
8.387584714664811
8.114374596148563
7.778292089490238
7.958544189108932
8.148045115995354
8.210714656257524
8.401327610001543
68.97959049420278
15.630150514073197
8.226996873418566
8.46562828614737
8.381450241493765
8.45632626069565
8.44758906686485
8.94344120550726
8.819901167069709
8.774015400481552
8.596470660572647
8.439022721739672
8.95734570840977
66.05099132297129
9.353037063796291
8.461239277962026
8.605042016806722
8.55111335826038
8.502748901250385
68.8606796913479
70.49250420168067
66.27433754167522
62.030317819483265
12.175224604130683
6.89575893884691
7.594744542465198
70.1693712985579
74.21313940938124
67.8942648558525
75.46562550603645
74.036291746099
61.39922707577
11.884641758142118
6.733057010122933
6.005031032335192
5.592964629796313
5.372126652090994
5.1109099172979695
5.108295567894364
5.608872984415577
6.0566779637520956
6.634772292263157
7.318778267909989
7.361553501662109
7.577593340005854
66.82978282691481
10.093452726165753
9.37105015628456
9.407432993159134
9.0834757260948
9.033160106219162
9.247089274021619
9.23839227502599
9.088928086956145
8.53126786117456
8.522375201157367
8.324178855657212
7.8560171718515
7.15414582892699
6.984267387800232
7.288610850450075
31.394256031017733
6.882316648945247
6.693718351172912
6.399794928446202
6.486144101346001
6.561289010559249
7.096672893148163
7.405210814284629
7.697397132312593
8.357984345358606
8.619436509730585
9.04003276073884
9.249067221776292
9.412372984812036
8.889382472188252
9.380082746282008
9.241303030636864
9.114346993722117
8.94222089564967
7.970279889708746
7.206125965772523
7.02682363347903
6.697213369185471
6.60348728283202
6.363587261610354
6.046645465056267
6.001216181219586
5.960400457584607
5.895911115109532
6.055200251776439
7.388747861840077
8.022017829239417
8.665290733108144
8.763620864012838
8.830095094536643
8.542840441327732
8.498924033960812
8.685315756886766
8.780150009524746
8.70413281452659
8.631107599104439
9.007050072046884
8.885785468535499
8.857469278804222
8.648495283262024
8.848126607219328
8.992181185535514
8.732402694065353
8.682654787017121
8.773923630141285
8.75893580587228
9.029348638053557
9.028862712681683
9.014619216898284
8.622165211242127
8.896887163659889
8.821292391818707
8.838989890900969
8.593951886372997
8.62544548204602
8.747518691929884
8.985207829460519
8.89317094683991
8.722813891436498
8.760948302872062
8.661890650007745
8.966288003488774
65.9990244055955
66.4012918342146
11.699723288404892
8.78417706143033
8.9142453938965
7.884074534254893
12.826421614348405
9.977458382693671
10.69588057387375
10.61424544106408
10.504984120941323
10.16128477395566
10.344990541210478
10.3771116411175
disconnected
