70.067389452231
70.83656752968199
73.07277130263593
11.174202623642621
6.676595405994811
11.856756787317526
11.7815873372565
10.27572419740504
9.602366305783667
87.51260223668837
78.28553297123766
81.69342838222119
76.38923998761543
13.954778350035268
8.377465970259555
7.891105370792985
8.206345075865038
7.809444013100445
7.151437856565581
8.064387370169698
8.823259404799218
7.922615595881445
7.289383540812549
6.950909651352793
41.330521668867384
45.11847851810417
41.24030519940219
5.882284303825872
4.625517906867746
5.277606651768638
5.669648626216913
5.383089289404142
5.390076244645976
5.6281251677312
5.613474574569886
5.470286654067921
5.522359722611726
5.418409371592747
5.583560972752493
5.9188412668845505
5.76203186884291
5.903504265444202
5.793533647437783
5.8675134821322406
5.598511443147326
5.935979846870179
6.157553834318901
6.6001309230072005
6.935347535930896
6.8570681210313955
12.379918476736945
14.766700230250882
6.213028935744102
5.548131245990331
5.039274416302325
5.071715927105111
15.642800134263231
5.645282815707123
54.557922942844506
51.46890492318264
59.38585263634819
6.336122495532255
4.976766095894881
4.994681775853405
5.071378652421728
56.22165328472045
57.46802767691992
55.49489282879068
48.959985058598306
7.392250860075574
5.448818079307424
5.980542544469397
5.5666355219570205
4.398020300310376
4.115989075853731
4.660519020184118
5.021242362135346
5.051935772556511
5.130490199076481
5.15723762272758
5.088908705965142
5.050968453605268
5.171538624672641
46.87839771101574
53.971716443838226
59.74451598199533
8.584576717302584
6.614713753790884
6.762236116171762
55.60819876435181
8.219709411022313
6.733586667373048
6.1465450538113435
6.3624192430271025
5.625588806506647
6.0173506351904855
50.87273036011013
44.742583446230654
49.51543556022525
6.712271812902183
5.102379599746481
4.747077431512469
4.802403546696955
4.72365575897362
4.643733849413985
58.830268602286274
64.85000850379579
54.41847551086604
54.695947003286214
11.346997078238285
5.8354640833322895
6.340787325391546
60.52823436034346
59.88697402801377
53.62805743437624
69.88526584134495
67.4672500321709
29.448178052376605
8.8085651521961
8.62329972532443
8.489823677887777
8.451163512318178
8.499716291360667
7.804154843751454
7.3786092136211145
7.098042003012303
6.699449100495634
51.74830972708878
55.266747483265696
57.65366323024055
55.127280374323114
9.468873953905232
5.082212213631313
5.432740705816523
5.7873942193724295
6.04503324239057
6.05030011294806
52.966409051876546
47.384698811514305
60.987655039041485
61.830972211984964
70.65518925930293
49.45821590708095
45.432235701906414
52.50953340761421
48.598058072439926
7.747502193488802
4.4124233220804
4.05682627131759
5.044213645569255
5.9713640175227045
7.1837003137717
7.193569134038689
7.515125019037296
7.603128767073624
7.329982593863813
7.418675524567054
8.430778755334181
8.073561483779939
7.6333630589477135
8.268564973711655
8.983187193996223
8.910836482917885
9.181544550467471
8.956408471456454
8.678810050467533
54.738061990212074
53.78416085350841
59.42876574521445
61.383052831845454
19.438592588473018
8.708379702682501
65.07942714394328
22.1008746970176
8.849489408388894
7.470884542766556
8.59407514865402
8.24198312029004
7.624288342264653
7.311544395150396
63.13490080380528
9.724118424408227
6.735230216093047
7.1820028013602695
6.737415647854994
0.4765891687791952
32.804905518708544
64.37819833924269
59.38164880438322
64.55059482586145
67.62170702608583
43.58442961946921
8.333821457736837
8.09153537041074
8.20891485384924
8.500215833899095
8.237644919210547
8.112883540009246
8.376194479780965
8.124607019508103
8.41808814468268
8.355270470821422
8.458952650239391
8.352807865488517
8.305240000871255
7.131945023048762
6.025909244373568
6.196168226922276
6.233592675985168
6.1693370576130775
5.722356228375591
5.379057566107981
5.175667488082883
5.143715593011235
5.134949774428726
5.273592081886889
5.3999788857331925
5.2826783782320055
6.213231416466685
7.743482948587295
8.614373500706517
8.864058362444815
9.118012530380303
9.34099741437483
8.900209863366005
8.980436742183368
8.353822682350692
8.910192870237992
8.648334790426077
9.179374385842815
8.227803802484248
10.579440949608786
7.331007529730901
6.902749708703351
6.642568907302179
6.874409350092521
6.603320943164232
56.072833250892366
47.474266828147464
58.836870677683166
55.84363849390211
61.79817595143729
59.470897670395736
71.94223083652082
65.41947156627258
71.1900470152927
19.89330297856194
8.272870541129597
7.9624119385757925
8.303710860165666
7.926433514629012
64.0899700507304
52.66513479238081
64.14387741057364
58.441722749376474
65.24951385323813
24.499009947255598
7.526939069232412
7.606175897750229
7.651814757044213
66.34772292263158
disconnected
