74.15671852899575
74.97996031391337
41.90406921562946
19.45148379856142
9.178671311837746
9.11361424002225
7.9904593895380955
9.255761812709089
8.764701334252788
9.157669046527369
9.186189737794248
9.018670347840859
9.248638934521118
9.521278310356648
8.806845072492678
71.37782920935298
77.65791520088872
70.66709349148316
78.00163653946292
18.991125439200204
8.817583434067378
9.152393546219074
9.306860038875625
8.136096120795006
8.584892993401123
8.225996501164971
8.357085075096736
8.346873631840795
8.408603659502296
8.113731020487911
8.193968472894856
7.735613889160413
7.775984812529663
7.809865711327767
7.852869534609847
7.723122021639378
7.84031882400003
7.727860473771583
7.835631793097522
7.616313782458689
7.791194767609257
7.576279330214411
7.06549512155679
7.346518976256034
7.057173431684648
6.644957786822264
6.717464140886756
6.014787791181245
5.8154390518498795
5.90881030768949
5.459648519922888
5.02843605873037
5.308170497114508
5.534346350551811
6.212918497275935
6.351695479931672
6.057780159247122
6.623216211649636
7.121651886150121
7.098582586546843
7.186285025031954
7.337946188795835
7.100757765573471
6.976913313893431
6.5722899495440155
6.341880290187279
5.528918603976736
5.273791007542961
5.253373613793553
5.310509336399042
5.687639163486756
5.730494981056854
5.265594458093601
5.0693743269424845
5.439130632120187
5.152226573440317
5.181831547085895
5.205000608074736
4.889064512556898
5.015448230669981
5.625015422744122
5.8221391826275735
6.788316655094672
7.3332505765293545
7.311608123420204
7.529506380946739
7.296560914213345
6.971984428036184
6.93765331119091
6.390268725299303
6.178033483280454
5.308613911762398
4.900569121174556
4.823717075111815
4.73883928319235
5.11367656937893
5.518879146096275
5.729993948013022
5.785366593791596
7.028990389046697
6.412112725149131
6.257120053705292
6.824589521093027
6.946132457152888
7.792483046911286
8.153557251552252
8.312910635750853
8.480176950713808
8.354271942317077
8.451299741482316
8.433762363695225
8.271924236716872
8.332712166785205
8.123741531119384
7.822231505605154
8.081899898839058
8.050564784690833
7.671422091509006
7.704565827565431
7.321512234802068
7.570139642168073
7.52360418019466
7.2929324192036775
7.347162421129706
7.049451833077584
6.2629969418960245
6.144924138981839
6.051880217817268
6.183379796231566
6.966171507533683
7.941982662965474
8.644484748557296
8.650457343796727
8.897887488279146
8.758862641585084
8.841728923891596
8.594480178188324
9.88621074911964
9.529173880051074
9.19581679857929
9.454829074760772
9.2958247174775
9.019989204324292
8.826601625879388
9.503824819635282
8.918927424670933
69.73537724869485
11.416831119906146
8.79888228309621
8.778771730803847
6.928221951324262
6.59187406881204
6.712304038612955
6.664395576458625
6.453569670113245
6.549434968699592
6.629843196762772
6.570642604254786
6.436831847270606
6.199868443419584
6.356479608151587
6.530823752164327
6.539152559813163
6.614588573708522
6.910414957311427
6.828511609582016
6.826122265639622
6.21126239126636
6.398525730308111
6.564698443305714
7.240609382417677
7.3482307885022715
7.36537995511553
7.646262918312694
7.571629208412312
6.659919369052515
5.623695575515502
5.283263948808707
6.625549324697891
4.876570324371899
4.626048478444772
4.917731863514106
5.316998965580188
5.756519877356859
6.095707590015623
5.509491164304658
6.816260331720128
6.643957826439578
7.3951834292192595
7.431570368007938
7.492437545216638
7.737254930897339
7.947912166208094
7.816269483351099
7.811218361178414
8.77531874652172
9.2050600019313
8.944795376511484
9.25651760354344
8.361133315923874
9.056898420663952
9.546525125525203
8.552194373985596
8.223931985914056
8.187794160421502
8.753104789650632
8.359800128756305
9.009081458188348
7.816240351537604
7.257158874235666
7.67736184404407
7.227097756901775
7.205853601548958
6.965431114653913
5.941630614320643
6.388516734751073
6.392723127055689
6.270656233274229
6.462369517822614
6.6876774840593205
7.1003009876049985
7.521013918426045
7.710457814315338
7.743840363642406
7.938901013205936
7.851796384766298
7.897776957636789
7.7137760187736095
8.039161718423564
8.364751728071539
7.608383489879806
7.4011600309859205
7.468317150778205
7.115973132955901
6.649603652736381
6.403605545725056
6.522171287110238
6.600016679805948
6.39726679275212
6.518856531828023
6.635045179579336
6.557944638322889
6.803423849835928
7.201350198220225
7.404936266374775
8.743470493447042
9.042819844467873
9.001463651230369
8.199478821503208
8.520211181915872
8.561411530328144
8.364768410031411
8.52899526201273
9.502274580879021
9.587813341501661
10.035204410001938
51.03801411535653
56.879631136425274
67.02414548011313
70.11658503151173
10.988886152491839
6.360113424416577
7.458065204441797
7.570139642168073
7.753732391762488
55.60156426062173
61.25485957968834
65.07437862661743
70.61236721156922
75.74637458689253
22.799839097204856
8.395021796652642
8.22678709778654
8.386092172348295
8.201771641995347
8.372131644922792
17.657476519447496
8.42424254596945
8.598920395021434
8.277376613073518
8.593564513650566
8.662337876910367
8.953827302283978
8.99387800176262
8.83602917321491
16.355122985977882
9.121760367801693
8.830578451497447
7.865460491771307
8.577571909158767
8.531614929447397
8.693398553277923
8.823556388620668
8.61005871002176
8.38386273369273
6.995251779123506
6.721156326867454
6.398037711212229
6.041498079219416
5.978505168452201
6.267554680226954
6.167731309922946
5.830361834331865
5.71553315899995
5.451906079071605
5.051193519911267
5.387140899358702
5.888593747367594
6.9771918588693245
7.158810296743097
7.099051158886034
8.319407171150372
8.6002427741872
8.672349945517439
8.762998341126279
8.81951170277414
8.605483392456694
8.53790175000051
8.521145903381191
7.749420313686509
9.23959299392663
8.84266095470204
8.998084237760468
8.800119172756437
9.081744937088466
7.478330638072535
6.1341398494217305
6.855420603671323
6.363394171104335
5.756227569974817
5.44769989687267
5.116059285389306
5.0589919657837195
5.130628266807584
5.556171685713567
6.627601310886871
7.117192696667345
7.211775973149516
7.404700955797457
7.481051694708173
7.331020343243068
8.63332832469171
9.184500035036088
9.27377088326597
9.303288742594395
9.248210686928644
9.194728211783481
9.223886242583381
9.028765533883401
8.860051331340635
8.282787111858891
10.301947501700901
8.615789127719713
7.844615306925916
7.257799319262921
7.230187378255848
7.009924156580395
6.63401672144527
6.731652200708746
6.899842733153036
6.749743322358151
6.426653509887504
6.384558829125726
6.630681674465663
7.273632824354673
7.427635388682974
7.860831755908316
8.513915812934775
8.924183977208171
9.154830711205015
9.385015047604131
9.50867257760659
9.489117942499298
9.385267049001685
9.432630397675522
9.354455533872317
9.257028342904563
8.974307184060526
7.757877077819147
7.29948155509108
7.318701644058391
7.0307223987877325
6.678519622501509
6.355776457752455
6.2046743225871355
6.074229407914173
5.994594679575407
5.913167051074557
6.158430815176774
7.553847428384127
8.152352815409435
8.61090717975249
8.41093060983851
8.852944963326474
8.742468140452974
8.38833957313366
8.791597234012674
8.757875043326832
8.679276986270189
8.913771778077196
8.976266195272071
8.953655277235796
8.934220868435347
8.698518828833686
8.930739617756277
8.995729804506118
8.612604620982513
8.681684298550467
8.87918285260651
8.88034841302272
9.105897779919847
9.045842750910126
8.952604156661351
8.689292269700724
8.895358800125553
8.732402694065353
8.788649759764983
8.665451855892039
8.68734854165027
8.56494304746113
8.978687331420987
8.897830860124952
8.752903858594712
8.847137439198795
8.613259021806764
8.909000539514098
8.66700968510494
8.192096001125012
8.123725796673659
8.235526041932557
8.920293153097205
8.821682013401928
disconnected
