61.50186222469867
56.284272678475574
32.46114077857751
7.648995982470954
8.796778523489932
8.329915415979013
9.042020574818698
8.570613549333649
9.067412645464785
9.064786699027238
9.08849480818902
8.780940417870452
8.161013651292748
7.93814975405632
6.932653671775698
8.54816810586406
7.97353753032158
8.462314761573303
67.73637376657354
72.42297199295507
61.091587042647404
54.31207106414938
10.431126972481627
6.038610327665168
5.3875007225201506
5.5071545804283035
5.5831373253732135
5.199284003629566
5.313725241786114
5.411376743345934
4.4188151606840345
3.6394861702607675
4.6093582752534745
5.54010672584139
5.431502503179154
5.203186193327651
5.628502797944148
59.39762653298213
67.65770328908103
62.03857531653059
56.43042232297819
57.322727893945604
51.623473808586056
58.64437018498064
58.7651525765685
6.415604359969775
5.215615370649927
5.177942133221733
4.873176467307701
5.385957973567829
5.692679993865272
5.751318086269003
6.005288967477289
5.935879037987439
6.324552382618241
6.473330699328328
6.525875226965439
6.925933876491511
7.202908431463128
7.332186560380393
7.434389268597034
7.275689440433526
7.773448388340302
70.9828225219584
9.135489042128237
8.423193633057334
55.906908548045266
57.88041123300904
56.58038580871442
55.96285424561029
59.77942790359591
42.433572093399704
9.938261190988447
4.9193410859532145
5.192268364120733
5.149354842670006
5.166168850284341
5.2263256136188625
5.318212479776028
5.294534805193166
5.249284126634494
51.21688056366234
64.26771677673413
65.20995024875621
59.98461164423723
60.16789556735045
57.9804257672104
67.13679290584884
56.711204856744956
56.58343900925451
65.56570946210002
11.760972887790954
6.013916748992377
5.574285190274813
50.198721784714074
4.6859490928753935
52.98045902964619
54.78238835991275
59.60527512505684
59.150516859637
58.47268266161074
57.75687138529331
66.36556962025317
69.6485279221534
62.17375965372586
46.06796564374053
55.15772862365535
57.30001775980546
61.143240327706344
58.82696812016999
52.52136891270865
53.697401101011394
70.53636715268318
71.48488257149674
69.12738360115368
74.36049995567768
8.5918217684678
9.073493431171702
8.965214751988919
8.503903929475833
8.783717165540335
7.908469028350768
7.78669637055602
8.66618593551453
75.27736099644639
73.19519047868349
71.21422143742465
8.436815966432194
8.206489583170285
7.0831064786981806
6.991590363172959
6.813337188638114
50.96359659781288
58.387215323793086
53.18603619025881
51.956000396392824
57.18517710577264
12.296045263991088
53.21370210606445
57.34624008750342
62.10839305810579
64.58737295965507
64.04495342800428
52.92096497426062
62.62866016634065
65.24849880215301
68.57359601079048
65.87153312183936
15.015426032727962
6.248125251381668
6.318321503030887
61.43610024754288
10.500460644902864
55.772352534439655
54.671706770249486
54.61262223148136
72.48054192299716
67.14109172402753
9.144970194877967
1.57119813717506
58.33605474345958
63.404039182488816
54.15359190208129
62.06611619166001
55.69754996348184
64.93534803071587
12.324661052309898
6.157291692662725
6.814831664410927
65.24037953025353
61.16107206392721
72.28567489314766
64.03224279803979
71.66932658954599
65.1673969112209
73.35135796855599
59.5274481975589
10.398052427771745
8.47998835450818
8.25580511885805
8.359466898392204
8.147649416166297
7.99655299953862
8.44765712329181
8.525579967762065
8.501025562032316
6.892178256868673
9.390288897247148
8.366804108493266
8.57781749837925
8.602659370455678
8.764316729562902
8.179762308733418
7.80086000386853
8.463322208456251
8.74585884197708
8.318829656838439
8.84267959732251
8.684021027306928
8.828756843685076
8.408317095271316
8.469132511923368
8.996289353232124
8.674071699634988
8.93351679013082
9.234100731145109
8.793458845234602
9.389490085112671
8.742176590006212
8.205863421600947
7.665995894950204
8.36658714264057
9.144691056556054
9.169120186779411
8.834837997581864
9.226950245396209
8.04367895888509
8.66265990887724
8.998315887934679
8.973923164480047
8.640264339141845
8.928572340887513
8.909549350525209
8.749452938071965
8.66552346794154
8.867525306767922
8.823259404799218
8.968473631091877
8.674017884470622
8.882812135998407
8.064387370169698
9.091824237471469
8.355470205166311
8.482337833055261
7.478984044563954
8.484774433428479
8.457792744651247
8.089054146834428
8.274665851228582
8.198469104527792
8.058066127451923
8.207758254617753
8.333606199086033
8.222674430002549
8.220982173482687
8.443524684548303
8.355902995674928
8.460658971803882
8.475721465219527
6.705693510945124
6.31568612983712
6.474209999876514
6.1737503624644345
6.263511344138128
5.76405901067112
5.296667660088196
5.075834293404072
5.386566665810495
5.069974845367304
5.22920562728465
5.248515593618648
5.4058459845105515
5.194377500092883
7.480437950216068
8.772400522875817
9.152313661140182
8.991583595944006
9.13483246398275
8.86493889680302
9.429979495665311
8.3270213500947
9.074985449486459
8.373184593977893
8.977611109684158
8.557114702726082
8.901928823689214
8.527764053830404
7.335097313282489
6.72028404520882
6.915724630990225
6.4952342311510165
6.4580312284921115
6.139446377418311
5.8814512137151
5.148242433466796
5.13621368235176
5.537217729958084
5.944527434400928
6.976901708335412
7.734971931869316
7.794959476210742
7.521283654139276
7.503629890691808
7.220056324063044
7.426057304327657
7.806711349435758
7.395418135269567
56.5034015438294
53.10993491528858
64.01660587005296
56.211858046531574
63.52407348508943
26.67809870308296
8.420572493184126
8.445088753583969
8.524280447604067
7.972128084604112
8.716867807910285
8.461529460893985
8.714821186659021
8.563858806618644
8.667600732373643
8.496341611635538
8.804608124674626
8.120768803328616
8.252994789617013
8.313586198147913
7.564692005526117
7.210536178142691
8.339156800174962
8.252523881199028
8.191360049996094
8.053656429113182
7.714925293519307
7.442409789058286
7.305775219993451
6.946132457152888
6.527957367465923
5.56461195150621
6.083612423362047
6.832237876263034
7.176534399184186
7.776417322688658
7.548368867844731
7.626603534458148
7.562291529188618
7.198804062206615
7.707128301339003
7.6013788053977835
7.876804735505777
72.40046951598426
disconnected
