61.42080599812559
78.74704766911364
20.016913399956096
8.34259027205932
8.34885077262078
7.902761997893503
8.385673014444944
8.482629464989948
8.231146173697173
8.186659483852331
7.741081974958658
8.4021691009289
7.890407660326956
8.040702868294629
8.194784946446644
8.369525481901265
8.070112923366421
7.538817422500858
6.914960720792014
6.938227125277699
6.387339547619084
6.4062756789946205
5.868646433383658
5.697002295478315
5.566037159960879
5.330547517103158
5.089680613532667
4.782520550007012
4.671955373473148
4.836571702686559
6.064752518482852
8.434271143973472
8.989810571799675
8.668514327639478
8.101804133668148
7.902568431207042
7.935191176192368
7.761925647104109
7.717991701092107
7.883348432278412
7.637713804977447
7.462298021940484
7.85003294004911
7.819358687546607
7.921987114954925
7.82583644926076
7.909841135736162
7.906396855766784
7.811887587001991
7.751411009384552
7.805607198354874
7.727248274667738
7.891728961148188
7.7324479332779035
7.865047516895313
7.857915798624122
7.836861596182376
7.62316591088776
7.8819114410976
6.619056261056605
6.792967181041966
6.84921870024511
5.581599356978224
5.576560466195383
5.097071887323259
5.0146147371642815
5.224854252827744
4.917143808411763
4.922764905131558
5.1496203750085945
4.847001178727437
4.885300434683352
5.9357698322283
5.954333543437647
7.025046478519387
8.209300459366517
8.163952358985439
8.080342917690121
8.053486326962439
8.005817826446297
8.026254705084266
7.9167835348877595
8.401681015660367
8.450090861105403
8.408300239160113
8.509856434478449
8.432338105414681
8.385337718289867
8.5811869986231
8.702236607328105
8.571331648073635
8.283719543144702
6.800368367121937
6.454324422476779
6.4980618773916685
5.741610655569397
5.295484014327324
5.136477861107165
5.008195938329862
4.990670241031664
4.958937440810965
4.858330958784787
4.885226464034924
7.06684032019194
7.426938318736697
7.181486326372671
7.734843553196708
8.165589421714143
8.645518219407926
9.203949028652183
9.13976905996204
8.938142901894263
9.221412176482486
9.25472024924593
7.664735088748421
7.084709689842607
6.922001920988616
6.50910417070805
6.430860989091021
6.420377173646829
6.308666040959738
6.3820718471213524
6.205665773514055
6.128502190992602
6.171615568883421
5.956845117629933
6.845976688804848
6.734408341455034
6.470903870690041
7.651228504141835
8.678522730329384
8.487229608045489
8.31704811799279
9.657730344581449
9.89540041145273
9.76507318617716
9.940946430856888
9.625835945783436
9.576430081601528
9.043151290399086
7.766452984331196
7.700902045530073
7.656508016480196
7.520043030031376
7.393319349209427
5.813343386519121
5.855831882512101
5.649556244300679
4.692192551656244
4.786542960503041
4.807462144266136
4.681566079076345
4.751767055670042
5.839274278427157
6.0663752780582065
6.2422762267475695
9.096122608754113
9.626211508846339
9.45382746324905
9.35865088113099
9.161789761557348
9.41617651020573
9.75998324587837
9.73104451502588
9.624267734422505
9.758371023879986
9.752471656172398
9.664450809114433
9.661378708270083
9.6547514093212
9.776590562101559
9.701558752165576
9.701401674607947
9.811030878882082
9.75750836330475
9.691247316846622
9.799203317563226
9.661356453797463
9.616302050136875
9.733099421718508
9.774790605321911
9.668282540494813
9.77709193390102
9.665007558160971
9.297370147718608
9.516979111359191
9.566797362364657
9.748029153651643
9.787335722819593
9.717900121870409
9.764777642747722
9.629371817417935
9.569634924582415
9.742979593258923
9.749343350053694
9.717337262615521
9.721751828201235
9.792019872110641
9.838647553769684
9.704970833979282
9.851519194272722
9.590202879596117
9.717629941290678
9.749343350053694
9.813234506203601
9.746556768300193
9.752199549859563
9.74431506658365
9.797005986625276
9.704678917338047
9.753719004420715
9.64136891079277
9.50931931902429
9.737980479016336
9.716661917569574
9.634746893742921
9.693867928889054
9.747757295181787
9.743726507798598
9.80816305532301
9.772991311196185
9.750975259332964
9.774312247299674
9.587002484577107
9.696803800760614
9.58117711557571
9.723667555349484
9.71400647090294
9.76202767336584
9.72799762500058
9.697543651968038
9.773560636423797
9.84174106880976
9.752086176710618
9.78311240900429
9.674749902544455
9.752312925644585
9.70562209592921
9.772604207926559
9.786353762479964
9.702321772661977
9.713624026160502
9.650086623611779
9.67999704589934
9.600893637866074
9.565444656031563
9.692187886336484
9.58636704393776
9.609097969497792
9.556661380580012
9.741870749563343
9.652707233942664
9.778322791818884
9.792957240052488
9.722225055283324
9.773082398775308
9.817391955658753
9.791242678693568
9.717787544803075
9.544374483733186
9.636872034647949
9.630477310090834
9.772490359859738
9.588076351583037
9.639374704105975
9.406357016467782
9.159088874282382
9.304671520540227
9.487658342381469
54.890645448358896
9.858141426106904
7.5913905319018005
8.425714848191435
7.440693420945258
5.952761716610039
6.654435492827248
6.695780718698616
5.398491518006538
6.784407669027719
6.049750325255084
6.403615322371334
6.814222724776694
6.01729020632903
7.202834214589061
7.298719423383792
7.619094675921301
8.105624439565876
8.02840555631057
8.153271958198557
8.211534470674378
8.257593029001857
8.190016480383656
8.098003062113012
8.15972763970624
8.111738153349863
7.997620336966388
