64.89616437932261
75.99891282683143
11.943833311026884
8.36003340581891
7.783185159206002
11.294350810393066
11.192570849122058
11.885214266890715
11.317084753262803
70.23399588070798
66.89480063795854
70.86648869665123
67.64460930570115
66.58682330528656
11.377469144174691
11.680174660814936
67.73199838514331
78.71601231138803
78.14405484964787
78.13677602041767
10.823898592014533
7.388682781776608
5.736671139140437
5.404090783175607
5.472677738228202
5.6847792055710595
5.121875686897057
5.282871336013623
5.427060878566345
3.544980547969982
3.658648578865465
5.660145960184825
5.463467500325648
5.370743987481977
5.382743871059646
5.542874209398152
5.488805950617413
5.584096198190426
5.703083167334063
5.492601109440723
5.576968285120121
5.540201857959731
5.796664326425014
5.710498441095182
5.785230937293966
5.7803515367674825
5.694658623578305
5.514192033529747
5.4879010626967535
6.555617901135193
6.722955449623163
6.8590417007358955
6.716420730682082
6.598044012087672
6.732008750656059
6.453827855004047
6.679987450051044
6.739234315223556
6.301074590362188
5.559198388293924
5.135817465166768
4.959377202234277
4.882098987451098
4.7016390649415865
5.4219115183354365
5.712652867764532
5.906289164702271
5.535631892642393
5.485130801864338
5.8265146937272965
5.534280628650824
5.775710998530702
6.011710088592482
6.085607290592078
5.887510931251377
4.817788457672812
3.3541283816743834
4.503955440489063
5.133127321458074
5.095647631254442
3.2988274045521147
4.446915480802465
4.478964594824042
4.864574224032549
4.887230152746916
5.00806438132082
5.046422761880011
5.000201471817192
4.915501458487884
4.2249901031189525
4.668840254641508
4.641770694997787
5.394408947330514
5.171187943153111
5.0231606732032485
5.457112597808466
5.581227994070542
5.62252708510393
5.870272736560863
5.951815640476224
6.227502661418562
6.285079786556539
6.574700679994859
6.7834750093803775
7.132211828682881
7.31664616968016
7.376052954603808
7.327191097601453
7.348063433332633
7.800990583320779
7.176485282769642
8.363534124694167
8.213882295803664
8.24572605885221
44.89151468447641
53.85944141252006
55.756782984380195
56.289560210969896
61.47481972210822
7.830789538046776
4.705880240999002
4.813912276996814
5.120043750373844
5.116377564712484
5.148191880831801
5.146713655349789
5.034483834764709
5.109098262009287
5.112916064778414
4.988824131122582
4.892098212775686
4.833116315943519
5.900846514546347
6.712185879186211
6.182559488450183
6.4022468822981695
6.22601436303019
6.3673162052695815
6.36773187628002
6.301273383932166
5.930599761605473
6.022500175894802
6.474259967306894
6.6543299191511505
6.191293257677296
6.107050554967479
6.113664522034709
5.9526180964072575
5.7533376953475965
47.781456123762545
49.88290141883615
51.8699018080186
54.05170236346297
7.349144939725259
5.190193052773037
4.804158262289862
4.807572351929136
4.819676275443955
4.454382001947722
5.0534696410176085
4.728309858837376
5.296640905187655
6.434965380431698
6.064761287822483
6.036064092195132
5.337317155418689
5.467434363606264
5.3403140294676374
5.083622806528479
10.481750730345643
6.148545360193033
58.2340020826102
58.96259225416462
60.720134344779666
71.06219609304847
74.854175218175
29.29965351514474
8.062046734953956
8.69134492647912
63.53273349692508
13.624372671372376
9.055177744098586
9.02289981090715
8.605271526494068
8.984322486810454
60.2881085509767
11.692254512509583
54.203279874904695
12.121320012600172
8.433762363695225
62.77018856629751
10.460367457995716
7.117893229157828
6.6866326460661885
38.88006822521738
5.965775373687348
5.494925357491435
5.420026800955737
5.120875149561693
5.67450405804513
43.022032577031965
5.4930830673646245
5.229720715250251
4.9803235669546115
5.208193431744581
5.644834556695925
55.06359292128341
8.675650574921864
47.2390048316796
59.88013419944321
52.662489798480756
61.17623721941045
62.39109868205754
63.84413054067219
29.951826329132004
54.624002083740315
60.262988505747124
58.47920471815178
62.801203827092095
62.09276229107759
14.806683352690532
6.340231400161442
59.19977417078334
6.5140272842481926
6.506388021915972
6.558498378476425
42.79203395364022
69.46742190864222
67.2304165932005
63.47600526658292
70.74695543635934
68.619592958576
53.82142948800205
8.364418102846567
8.041951632911708
7.884445045979864
7.329444617250382
7.478597320809285
7.316888681101675
6.914242571107352
7.287445791170911
6.526484496443682
6.918108659544533
6.759958289213055
6.162230936153395
55.664286662242866
53.27385654951671
74.29332577582542
77.47144440339859
78.94566056202827
75.6657526338577
73.5017524183373
71.09833370060855
10.831641388642838
8.932965022543772
9.044438310792161
9.113040001911992
8.971984367546616
8.999184682326488
8.983033278076904
62.14980662942492
13.821877450948085
9.14814160488738
8.886425559863557
9.135449246826566
9.050976567136159
8.718081745319099
8.368356577083459
8.852141539578488
8.862166742026952
8.811433445306477
8.781951612734373
8.976112516425053
8.902722413961445
8.584506436889825
8.976266195272071
8.774088818135986
8.607125707461021
8.880122796803049
8.852160222195488
8.161077168541075
8.755023232319015
48.859036635797075
55.58019718011237
57.210917572599676
59.59087873836755
61.60303146021209
60.183435688457784
23.180890691839192
52.69490929192422
10.623735768290675
7.6300442597810845
7.860949617851346
7.63159915356161
6.7514599738589025
55.31558193208045
67.33078627155103
70.34354140811055
72.6009831752406
74.26175637393767
73.91495285928275
34.845962763880465
7.2921970106593275
7.97811787889509
8.062883627227272
8.208770261119396
8.097424610988842
7.841227584762874
7.764152724660968
7.38394803091386
7.070843230503908
6.3025516421660335
5.951562278287028
6.080076075170618
6.994435207775034
7.424834750098247
7.824975047340093
7.58588483819218
7.787621661164605
7.389008193558957
7.666402243091782
7.4338490332620255
7.8871730840109215
7.670959093012325
7.134541161821915
6.575092333063702
6.318749839933593
7.498451790988208
8.131017369727047
8.105170198169995
8.144912226192325
8.172319394894716
8.258991389138854
8.007682541500806
7.516310142699188
8.149818323132227
8.514901011807122
8.520418880074757
8.686089182315957
8.774639489710315
8.637595322774292
7.151852458121897
8.640282138119135
8.460522440746344
8.778091939348911
8.734766808625842
8.915837111767244
8.968109285831884
7.826873303040764
8.919325718927633
8.02709954489606
8.315811387117176
8.490562676620863
8.538770823705688
8.39179688281547
