46.509841319124874
61.05690370478201
28.671552006999892
15.497323081356896
14.601987174577534
16.133179475344257
15.103451504294124
13.328537017852717
15.33437407457508
15.896547280651886
15.60421588359816
15.502478220855494
15.34548248422208
15.377551282286301
14.948319059685588
15.605260905962236
15.612812447653967
15.095678212547869
14.873840392635252
14.556277416847132
14.535443603863362
14.404456334719642
13.685453163185732
13.78000893631561
11.351511395344431
55.56767928352831
45.22014382284131
1.3957299880835794
36.3678487817567
58.68786030111379
60.970810559367365
27.35671377976637
13.344524019356747
12.48784205840933
11.795536357091432
12.875639667848537
11.829936539275138
11.366215465495982
12.048027759585445
11.92291882826158
13.24946614270732
14.023692102966695
14.082501225498426
12.419140790397034
13.56431749974128
12.9841347478431
12.16233834019602
12.153915253304124
12.861426184014842
13.501094429995108
13.727961247667986
13.997530419228022
3.3777389794555903
42.23530833366899
47.78091180424233
58.551043484330286
19.217799689348503
13.426842775832155
13.480223047132366
13.615085226073887
13.64813531304809
13.649867546651567
13.436735949152977
13.430024206872703
56.999442821227156
56.42662648657375
64.33277604797767
38.42345181385123
13.652977787036797
14.373407354100271
14.13565742556906
14.523816779090543
14.401587699449593
14.313565163976385
14.20714370395461
14.343521944613533
14.465311978369131
14.222318673493609
14.261440797549142
12.98312996427886
12.617673691018757
12.246035801146267
11.951456780977075
12.11109988190079
12.886755931349356
1.2622150479194671
39.60552208645729
58.806348494195504
62.204188171086194
47.555545477221706
13.740418603584567
14.20348728924047
14.180964938972851
14.169562984784195
14.050657760298547
14.074042755950163
14.132085325462528
13.917872584707377
14.22111312662112
14.054424276135682
13.948559684467472
14.099211724960922
13.954035531306141
14.868778537194068
14.496960144889968
13.386176280036128
13.226444665184555
13.150596970001004
12.660482777980688
11.983657236244364
11.438251825106152
11.326956418413477
10.516019847110059
11.820734669950905
12.108862155475297
12.596528847684347
14.236462933231959
14.286749778595272
14.677818293801048
14.725122876000562
14.534839154586944
13.730028413926751
13.68103386413898
14.422535211267606
14.042613598317955
14.072248410528259
13.902786985229774
12.402505159943463
12.485834635707375
12.254443886077576
11.30186787958482
12.26135788935175
12.549905747883068
12.54030006039478
13.016774097441834
13.546443428158025
13.790610964615214
13.61079958463136
13.657467918347677
13.538922387635735
13.778831939343368
13.299080800169952
13.333875890132248
13.43036823567083
13.412201852757873
13.518848950544067
13.840440591723397
14.36700691922998
14.223958545286832
14.739871026690798
14.692883540889426
14.884713931848992
14.739871026690798
14.349115988833542
13.832772125389575
13.268201330520029
13.223692465816049
12.263329629846208
12.073518193881927
37.6731636337507
11.135813089074738
11.386024491480104
12.2890560907578
13.044099170263848
13.00003099448918
13.661560510072798
13.304100690215185
59.752176080917444
63.103555147667265
64.34560628375061
30.591465060135516
13.87748727823768
13.694926322457203
13.928919175616528
13.786440700250465
14.10836483995533
13.967046287046287
14.012869256108887
13.872897220991076
13.960026759771145
13.916533395268589
14.012026618916535
13.838887954045289
disconnected
