35.92982456140351
63.17864674338736
29.55879264536953
14.7553754362265
14.31947806315272
14.542700918474548
12.616724822524365
14.450211707475049
14.482693848236236
14.52115177554433
14.104759086384547
15.17086421360649
14.0736177380497
13.203461486399279
13.934564784053157
14.638067384673372
14.75755592616831
13.609695475120464
14.097647873405979
14.487045844688296
13.705397783899121
14.192625377715064
14.038054628641044
14.535947349998441
13.63642097528781
14.723417101655826
15.000389824507444
13.083690244092645
12.835135242653381
12.793479885434364
13.577534273181943
13.407571500266917
13.434756148341757
13.008659405007071
12.083883848700227
12.32741401708196
11.740791956152972
12.3269430280231
12.446190596299648
12.225226328092665
14.459427594337997
14.36243164299925
12.555728847046145
13.516452848916087
13.021017142786183
12.145644506477787
12.298929712928482
13.090019349603645
12.896780958179207
13.398534381967915
13.895647737399907
14.199736609576172
13.995008341675009
14.015210446823582
12.003205201584285
11.885079553987618
10.99190997455324
11.731170374928329
12.08064701951658
12.20345768669006
13.880977753655324
13.74929193328438
13.392972551824556
12.407237918314584
11.56366724195923
11.794143285361587
11.426348437504256
12.562497940846125
13.533680093960944
14.186624815661656
15.70324000928498
14.124851403458553
12.513773401954204
11.98608868605525
12.277149589474146
12.032819618328494
12.46305480196946
13.417565051599817
13.868860481572352
14.352111085637636
13.654666796887717
12.442313853455948
12.608380929477544
12.31724141981599
11.747269951966839
12.433166937405884
12.705853841772996
13.164506743417439
12.305857914903855
13.211945959056646
12.426499648919055
11.837381853485622
12.112988606991754
12.150077634353782
12.515640432674376
12.302392838496601
12.656815143623618
12.159658603335112
12.703852677489701
11.820201667220903
10.911442656642256
11.408322521508053
12.299398563707967
11.613873613441655
12.280025178960928
12.895710350255804
12.050243055954583
12.637899500727666
11.839219582693524
11.055068384110744
12.058072343190299
12.508138348949977
12.653264148666587
12.857956548529597
12.396017247952619
10.93696446917585
11.638042597587098
11.521673680624993
11.792982643584763
11.918548281682456
12.707778632846349
12.462795576236235
12.01001048007926
11.71550753743579
11.29243510147378
12.276143451295574
12.266485734005592
13.340449420333647
13.360081288641569
13.48906705773764
12.790007806401249
11.978899928885792
12.485648795880094
14.168462086740915
11.30951694012646
14.62285937412841
13.7187115681503
12.560015092486397
12.768281916869105
13.81691444609521
12.153809598321656
12.389426329019699
12.907377659607207
12.193488555987429
12.367652999542955
12.487024141616526
12.209852176596277
12.551182610361007
12.254909351214737
12.42668373211979
12.298785458341397
12.449700207776788
12.23642537896911
12.344938618255881
12.310733982383484
12.280168993795948
12.329515791454037
12.227507273585951
12.077168492219803
12.503291042640466
11.996064523509895
12.130504822639654
12.659642090711804
12.246178820960061
12.357159061112535
12.337276818542813
12.33165453877251
12.387450419825573
12.39466187543588
12.212269617120397
11.506817446077704
12.573117541435222
12.179537884793524
12.0320947351209
12.399095410538763
12.54754048337736
12.475955632363746
13.021178837306048
12.966954285060641
12.782796590282244
11.87579173285086
12.955539219017378
12.600502301212492
12.507653449196187
12.625003762544322
12.456392422168038
12.16784255477163
12.173740411044387
11.796365722707062
11.515410422969849
12.161915145329282
12.250256290433285
11.868062963518396
11.752240160944146
11.988692458304154
12.569764026827938
12.886478780635429
12.79953126716551
13.317026397170416
13.009466383791764
12.879118854535461
12.642699325108438
12.787707129681856
12.03054170801806
12.31633719769313
12.811455555657371
11.916245717110534
12.683798936742853
13.473987195178756
12.328211157486333
12.795587459158677
12.830737698649413
12.863871824519327
12.796407258704221
12.838474676918745
12.754769767852038
12.312251769354285
12.261608802928073
12.099221425089208
11.624270071475488
11.734879218402897
11.592880044223328
11.640238893452633
11.895562601745917
12.729917082468344
13.232703926301012
13.333875890132248
13.560984441886632
13.423147330286621
13.428433302918247
12.983170152635603
12.547878323720173
11.889155970792325
11.83097097757807
12.010148039973656
12.179254953089746
51.28702265807461
55.82802912324136
68.60275765059946
65.36747447985663
69.55497330105138
19.241956720204424
14.75708862407335
14.622604475712688
14.710404208680403
14.642564392590575
14.664475662370899
14.801876038861813
14.82652036819705
14.766232348871842
14.801667096027414
14.904654790713872
57.34624008750342
64.7548940900389
64.57742879137798
64.1360307047724
65.24849880215301
19.545026258521787
13.711356652500818
13.401916520483253
54.31207106414938
72.1650350131622
74.89962320755728
73.11098328365493
77.06009663965901
73.41555372739843
74.04674811100911
17.92989295851715
13.604309989718042
13.581447157946545
13.357400813997184
13.358251641792947
13.380283217798251
13.416191664267664
13.409114595821544
13.415419257439677
12.9130204549093
13.098399512827319
12.884103692008074
12.785913955877467
13.005916425833819
12.986989181389761
12.911072735723895
58.50285937456412
57.2577778384503
60.39401575256663
61.58132432829247
24.13362870048045
12.653913106440235
13.169797694667466
13.157403718563645
13.140955830289055
13.281309668941278
13.252773433180087
13.08662945432648
13.097376967274544
13.20774395082566
13.147711385707211
12.933726394730675
