59.090517180653976
57.783129210464686
61.18516141267086
17.593261858022515
20.314547532789586
19.507664831076053
18.757145220941723
49.964905592947765
58.52408327286934
32.87535859290495
16.545055777332472
16.05444489100687
17.157073609719184
16.91619949505134
16.21300347893313
16.61432911733366
16.551911382264613
16.744196444611227
16.556550297633144
16.625986031061466
16.254913131266157
16.309460668040597
16.98133160590295
16.8028235030186
17.03339831059129
16.674103344915046
16.74285965199411
16.531361590427167
16.8634218123045
16.79602755085696
16.900726509330184
16.826281436669326
16.85258074107408
16.583192646041315
16.799122055159927
16.608013557872397
16.98023164960265
16.56066869612941
16.888137285692427
16.33588571161501
17.812931063771956
18.67346947861433
19.172120619277692
19.241868445439447
19.608989373389996
20.792702756295856
20.454132713024055
20.976344559248627
20.96302997286099
20.76799366211131
20.362873704958783
61.28618603699699
30.275476764497828
20.26224027903247
19.791080975232273
19.761708222611713
19.436700912448504
20.37573355096965
19.221234395908567
18.835312978539
18.993361409228818
18.57250901104351
18.009884537268828
17.613135406387133
15.912589535024887
15.923282221049554
16.291342986762785
15.666873351810487
15.831564961707299
15.896246044228837
15.35441453182314
15.607177143877772
15.65704814734626
15.340992300799181
15.373493092692438
15.436807160628321
15.461731853872525
15.428573530547759
14.993204574133056
15.340206788847885
15.483935750384855
14.981262278101225
15.914219694411456
16.382144210226187
17.469060679136522
17.27294965510141
17.481001104465793
18.11434444991492
18.77049209673666
18.45126210858797
18.581477461512904
18.53606625478394
18.84834785578509
19.321733762674075
19.42283986348502
19.4154673678071
19.43787190657151
20.123515074750035
59.640872508034015
42.88347459793266
19.708593338846704
20.437787187595934
20.398624627341125
20.278600230136245
20.54409999951019
19.01902671721111
18.522968759660483
17.481001104465793
17.04828371100498
15.343293191495588
52.378385803663974
59.72665005339979
56.669828273411426
57.39882035772447
20.905250356370306
58.339300368593086
62.96902820940113
64.1360307047724
20.66037475617205
19.246724760580573
19.337857775154912
19.16625083395023
19.464392118281467
19.29977360990963
19.744498161738747
19.31586097640725
18.957734638070917
19.059213784892783
19.15924684128304
19.210142073299195
19.3700972129217
18.70845209261663
19.07273396965136
19.031021856411048
17.437323311271495
19.481117133687256
19.33607479392945
57.38154456529174
62.508256333830104
63.23198456250377
23.019697593370104
19.096440506651856
18.97677617261552
18.367471699765716
18.53025195605017
18.809803350001122
18.503030677336533
17.36980424150312
16.270992869833734
17.785964778370033
16.78137778168986
17.032914106567794
15.892451443251312
16.13187641585994
15.370394529503596
16.96100545511159
15.746571408191077
17.582641648640944
16.243770574338715
17.91411755661288
53.68365544605145
59.634088776409705
59.90579161608227
59.24827664142841
25.77382861707684
20.267135698788604
20.003166700050553
20.5233917413281
20.07064892308723
20.05059612019925
39.39793349614879
17.154968404261847
55.355734459548636
60.80904675607104
59.04892230153032
61.56505401596994
25.359468904555182
19.783986226739934
19.749518540317833
20.10942878786426
20.16618346338954
20.17918432738522
19.965270373191164
19.835069682538933
20.396839059498625
20.34381169029592
20.21585147197748
20.469605278569478
20.034123367628656
20.379396630889506
20.211467755070572
20.47920003124878
20.381575302858753
20.351214967782006
19.994489281270706
20.386132213489645
19.954916765387342
20.150391544559213
20.36702664905602
20.275365331348162
20.807246786619636
19.76310494795716
20.10817548552882
20.32517929831363
19.913987684039103
19.679926428497698
19.30208285396092
19.373765554703596
19.77419263589647
18.719975006136885
18.767384524517986
18.005709551263614
16.97301672089221
16.50572975695756
16.482379200855103
16.577162799337593
16.183101960814575
15.664942427852743
16.048609144824947
16.35888655306502
16.814881334188584
17.80408437013172
19.74803075459883
19.124129126390663
19.548032288734365
62.21895211535038
64.58339492485834
29.51760441957845
20.911399725788357
20.82687733689526
20.60839999213852
51.97724766094554
disconnected
