38.78694618863109
16.686441756842775
18.21060949453374
17.164445899492552
17.453794905725545
19.373765554703596
15.626249003405187
16.79286695199926
19.158546723550423
19.199765627860987
18.37865881445648
18.2202606429192
19.90009868670766
18.903649753468123
19.013508857821538
19.044069705142526
20.77879666096951
19.848398377792606
19.296399554659967
18.94044173097852
17.876933437330845
19.128141047274188
18.475726487443673
18.40842319626767
18.21986490302122
18.643505471743403
18.786718564537153
20.20406845956348
16.471246131854667
17.121005796391543
16.813533231780646
16.937717814005516
17.187727688102644
16.85650901842266
16.970407114592522
16.994129063364788
16.81211795687848
16.067113836865875
16.914494033576506
16.84696242443717
17.988874640270026
18.244909499802077
28.59492773384238
17.817395552345957
16.79602755085696
16.518795956063347
15.883123227289424
15.57443363893252
14.790288625985154
17.047937243425597
17.435583638177587
18.032649025129516
16.268089859749285
15.722783263234446
13.797688051423421
14.475945924491704
14.033076045461998
14.870149116151769
57.40824790243769
14.810238592105309
14.392000905868587
15.149876830387136
15.425679651641756
15.058877595349822
16.199102432392767
16.619859173346754
16.48834027832377
16.30952408727335
15.449487080317512
15.075873521366722
15.578309315109196
14.945868803740115
14.58573803214611
15.727735655199826
16.136903662665436
16.05493651601741
15.946408136108735
14.195075065318333
51.652717913351886
64.54463475062708
60.407932827329944
62.79086200185634
19.666454105555346
17.62453305095785
17.634462490592693
17.68599306779561
17.672505108812437
17.632016142592903
17.33076049005227
56.957644726299925
55.56473471550639
60.81962791641895
26.76867895868834
16.26575558149546
16.3023608336378
16.445800233690665
16.62565651520737
16.51964174589796
16.588964431629865
16.510342818678875
16.621835085619626
16.41227270415051
16.526736777401698
16.45767380539446
16.66112130673467
16.661386044220578
16.550866351773152
16.252015855610104
16.39501540097253
17.77420680829064
16.407136626258122
16.304959162808416
16.20855505446901
16.276549342232915
16.332641498413192
16.10771493638413
16.359652236320166
16.552499269911678
51.43482206362053
19.2263446922816
15.36026250448616
14.968217148322355
14.432510365948076
16.551323536375545
16.926439490548677
17.73580054801935
16.21613763773439
14.43941668158471
15.806268536349144
15.694895973656639
16.226363414794555
17.095186468310576
17.24787604141822
18.027843563701072
18.744152373461564
16.976726489707037
16.282425649367035
15.551162359571391
14.951249768297378
15.52313312138921
16.311109728401206
17.486248400128407
17.717894452259355
19.921932961902183
20.14216630249478
19.436700912448504
18.761759916978296
58.40022277917015
24.32975625601819
16.93135909318435
15.70494516398384
16.21845769547548
16.66807345501655
17.09344472745797
18.39897527679809
19.086186497752053
19.915216895844413
21.215712854960596
20.61650380448674
20.35664746336894
18.486068138745647
18.53876991756724
17.04191096104698
16.167133066598826
15.889140177215094
14.546735892180223
53.412933295978405
56.231451937257006
59.41445448621696
54.537350306214
17.28904076274016
17.803101946569097
17.722910504521256
17.788227710133125
17.66469002695418
49.38484181276566
55.39814032121724
58.28498374141908
52.83430327765601
13.76214928585725
13.952642959316057
13.960630812347306
14.729052829711621
15.302429093668595
15.768119429020409
17.163813740695424
17.79230243873469
18.43893260649756
17.86672914314924
17.37325772606587
16.37466132596254
15.97112155297809
15.86569981427053
16.555504681307923
16.481019124298115
16.98834717873735
16.850617288910495
17.090171215294472
16.65867288375917
17.19047501946801
18.671391305122018
19.76720314819615
20.277913953229774
20.01242455328387
20.622078873488732
20.20328990149563
20.832980678488056
20.302354399008674
20.48890386935729
20.44984446763074
20.19181313576253
20.142553222142716
20.32478533077475
20.139748391433784
20.016913399956096
20.200857294225305
19.831130822076492
